Year,ScopeID,Sector,SubSector1,SubSector2,Emissions,LGA,Planning_Region,Metro_or_Regional,LGA_CODE18
2016,1,Transport,Railway,Railway,"7,582.40",Albury,Riverina Murray,Regional,10050
2016,1,Transport,Railway,Railway,"5,682.00",Armidale Regional,New England North West,Regional,10130
2016,1,Transport,Railway,Railway,,Ballina,North Coast,Regional,10250
2016,1,Transport,Railway,Railway,,Balranald,Far West,Regional,10300
2016,1,Transport,Railway,Railway,,Bathurst Regional,Central West and Orana,Regional,10470
2016,1,Transport,Railway,Railway,"2,523.60",Bayside,Eastern Harbour City,Six Cities,10500
2016,1,Transport,Railway,Railway,,Bega Valley,South East and Tablelands,Regional,10550
2016,1,Transport,Railway,Railway,,Bellingen,North Coast,Regional,10600
2016,1,Transport,Railway,Railway,,Berrigan,Riverina Murray,Regional,10650
2016,1,Transport,Railway,Railway,"2,725.90",Blacktown,Central River City,Six Cities,10750
2016,1,Transport,Railway,Railway,,Bland,Riverina Murray,Regional,10800
2016,1,Transport,Railway,Railway,,Blayney,Central West and Orana,Regional,10850
2016,1,Transport,Railway,Railway,"14,460.40",Blue Mountains,Western Parkland City,Six Cities,10900
2016,1,Transport,Railway,Railway,,Bogan,Central West and Orana,Regional,10950
2016,1,Transport,Railway,Railway,,Bourke,Far West,Regional,11150
2016,1,Transport,Railway,Railway,,Brewarrina,Far West,Regional,11200
2016,1,Transport,Railway,Railway,"49,334.10",Broken Hill,Far West,Regional,11250
2016,1,Transport,Railway,Railway,111.3,Burwood,Eastern Harbour City,Six Cities,11300
2016,1,Transport,Railway,Railway,,Byron,North Coast,Regional,11350
2016,1,Transport,Railway,Railway,,Cabonne,Central West and Orana,Regional,11400
2016,1,Transport,Railway,Railway,,Camden,Western Parkland City,Six Cities,11450
2016,1,Transport,Railway,Railway,"6,603.00",Campbelltown,Western Parkland City,Six Cities,11500
2016,1,Transport,Railway,Railway,691.8,Canada Bay,Eastern Harbour City,Six Cities,11520
2016,1,Transport,Railway,Railway,"5,214.20",Canterbury-Bankstown,Central River City,Six Cities,11570
2016,1,Transport,Railway,Railway,,Carrathool,Riverina Murray,Regional,11600
2016,1,Transport,Railway,Railway,"12,465.50",Central Coast,Central Coast City,Six Cities,11650
2016,1,Transport,Railway,Railway,,Central Darling,Far West,Regional,11700
2016,1,Transport,Railway,Railway,"29,657.80",Cessnock,Lower Hunter and Greater Newcastle City,Six Cities,11720
2016,1,Transport,Railway,Railway,"14,995.70",Clarence Valley,North Coast,Regional,11730
2016,1,Transport,Railway,Railway,,Cobar,Far West,Regional,11750
2016,1,Transport,Railway,Railway,,Coffs Harbour,North Coast,Regional,11800
2016,1,Transport,Railway,Railway,,Coolamon,Riverina Murray,Regional,12000
2016,1,Transport,Railway,Railway,,Coonamble,Central West and Orana,Regional,12150
2016,1,Transport,Railway,Railway,"8,466.20",Cootamundra-Gundagai Regional,Riverina Murray,Regional,12160
2016,1,Transport,Railway,Railway,,Cowra,Central West and Orana,Regional,12350
2016,1,Transport,Railway,Railway,"4,228.60",Cumberland,Central River City,Six Cities,12380
2016,1,Transport,Railway,Railway,827.8,Dubbo Regional,Central West and Orana,Regional,12390
2016,1,Transport,Railway,Railway,"7,892.00",Dungog,Upper Hunter,Regional,12700
2016,1,Transport,Railway,Railway,,Edward River,Riverina Murray,Regional,12730
2016,1,Transport,Railway,Railway,,Eurobodalla,South East and Tablelands,Regional,12750
2016,1,Transport,Railway,Railway,"1,962.40",Fairfield,Western Parkland City,Six Cities,12850
2016,1,Transport,Railway,Railway,,Federation,Riverina Murray,Regional,12870
2016,1,Transport,Railway,Railway,,Forbes,Central West and Orana,Regional,12900
2016,1,Transport,Railway,Railway,"1,518.00",Georges River,Central River City,Six Cities,12930
2016,1,Transport,Railway,Railway,"6,118.40",Gilgandra,Central West and Orana,Regional,12950
2016,1,Transport,Railway,Railway,,Glen Innes Severn,New England North West,Regional,13010
2016,1,Transport,Railway,Railway,,Goulburn Mulwaree,South East and Tablelands,Regional,13310
2016,1,Transport,Railway,Railway,,Greater Hume Shire,Riverina Murray,Regional,13340
2016,1,Transport,Railway,Railway,,Griffith,Riverina Murray,Regional,13450
2016,1,Transport,Railway,Railway,"42,083.90",Gunnedah,New England North West,Regional,13550
2016,1,Transport,Railway,Railway,47.3,Gwydir,New England North West,Regional,13660
2016,1,Transport,Railway,Railway,,Hawkesbury,Western Parkland City,Six Cities,13800
2016,1,Transport,Railway,Railway,,Hay,Riverina Murray,Regional,13850
2016,1,Transport,Railway,Railway,,Hilltops,South East and Tablelands,Regional,13910
2016,1,Transport,Railway,Railway,"8,131.20",Hornsby,Eastern Harbour City,Six Cities,14000
2016,1,Transport,Railway,Railway,,Hunters Hill,Eastern Harbour City,Six Cities,14100
2016,1,Transport,Railway,Railway,"1,963.80",Inner West,Eastern Harbour City,Six Cities,14170
2016,1,Transport,Railway,Railway,,Inverell,New England North West,Regional,14200
2016,1,Transport,Railway,Railway,"3,858.90",Junee,Riverina Murray,Regional,14300
2016,1,Transport,Railway,Railway,,Kempsey,North Coast,Regional,14350
2016,1,Transport,Railway,Railway,"1,196.20",Kiama,Illawarra-Shoalhaven City,Six Cities,14400
2016,1,Transport,Railway,Railway,,Ku-Ring-Gai,Eastern Harbour City,Six Cities,14500
2016,1,Transport,Railway,Railway,,Kyogle,North Coast,Regional,14550
2016,1,Transport,Railway,Railway,,Lachlan,Central West and Orana,Regional,14600
2016,1,Transport,Railway,Railway,"11,066.00",Lake Macquarie,Lower Hunter and Greater Newcastle City,Six Cities,14650
2016,1,Transport,Railway,Railway,,Lane Cove,Eastern Harbour City,Six Cities,14700
2016,1,Transport,Railway,Railway,,Leeton,Riverina Murray,Regional,14750
2016,1,Transport,Railway,Railway,,Lismore,North Coast,Regional,14850
2016,1,Transport,Railway,Railway,"9,616.40",Lithgow,Central West and Orana,Regional,14870
2016,1,Transport,Railway,Railway,"2,147.40",Liverpool,Western Parkland City,Six Cities,14900
2016,1,Transport,Railway,Railway,,Liverpool Plains,New England North West,Regional,14920
2016,1,Transport,Railway,Railway,"15,164.80",Lockhart,Riverina Murray,Regional,14950
2016,1,Transport,Railway,Railway,"114,282.30",Maitland,Lower Hunter and Greater Newcastle City,Six Cities,15050
2016,1,Transport,Railway,Railway,"24,081.80",Mid-Coast,Upper Hunter,Regional,15240
2016,1,Transport,Railway,Railway,"49,215.80",Mid-Western Regional,Central West and Orana,Regional,15270
2016,1,Transport,Railway,Railway,,Moree Plains,New England North West,Regional,15300
2016,1,Transport,Railway,Railway,,Mosman,Eastern Harbour City,Six Cities,15350
2016,1,Transport,Railway,Railway,,Murray River,Riverina Murray,Regional,15520
2016,1,Transport,Railway,Railway,,Murrumbidgee,Riverina Murray,Regional,15560
2016,1,Transport,Railway,Railway,"70,343.50",Muswellbrook,Upper Hunter,Regional,15650
2016,1,Transport,Railway,Railway,,Nambucca,North Coast,Regional,15700
2016,1,Transport,Railway,Railway,"7,357.30",Narrabri,New England North West,Regional,15750
2016,1,Transport,Railway,Railway,,Narrandera,Riverina Murray,Regional,15800
2016,1,Transport,Railway,Railway,827.8,Narromine,Central West and Orana,Regional,15850
2016,1,Transport,Railway,Railway,"75,191.30",Newcastle,Lower Hunter and Greater Newcastle City,Six Cities,15900
2016,1,Transport,Railway,Railway,,North Sydney,Eastern Harbour City,Six Cities,15950
2016,1,Transport,Railway,Railway,,Northern Beaches,Eastern Harbour City,Six Cities,15990
2016,1,Transport,Railway,Railway,,Oberon,Central West and Orana,Regional,16100
2016,1,Transport,Railway,Railway,,Orange,Central West and Orana,Regional,16150
2016,1,Transport,Railway,Railway,"24,744.50",Parkes,Central West and Orana,Regional,16200
2016,1,Transport,Railway,Railway,,Parramatta,Central River City,Six Cities,16260
2016,1,Transport,Railway,Railway,"2,725.70",Penrith,Western Parkland City,Six Cities,16350
2016,1,Transport,Railway,Railway,,Port Macquarie-Hastings,North Coast,Regional,16380
2016,1,Transport,Railway,Railway,,Port Stephens,Lower Hunter and Greater Newcastle City,Six Cities,16400
2016,1,Transport,Railway,Railway,,Queanbeyan-Palerang Regional,South East and Tablelands,Regional,16490
2016,1,Transport,Railway,Railway,,Randwick,Eastern Harbour City,Six Cities,16550
2016,1,Transport,Railway,Railway,"4,255.30",Richmond Valley,North Coast,Regional,16610
2016,1,Transport,Railway,Railway,981.1,Ryde,Eastern Harbour City,Six Cities,16700
2016,1,Transport,Railway,Railway,"1,844.90",Shellharbour,Illawarra-Shoalhaven City,Six Cities,16900
2016,1,Transport,Railway,Railway,,Shoalhaven,Illawarra-Shoalhaven City,Six Cities,16950
2016,1,Transport,Railway,Railway,"162,149.70",Singleton,Upper Hunter,Regional,17000
2016,1,Transport,Railway,Railway,,Snowy Monaro Regional,South East and Tablelands,Regional,17040
2016,1,Transport,Railway,Railway,,Snowy Valleys,Riverina Murray,Regional,17080
2016,1,Transport,Railway,Railway,"1,245.50",Strathfield,Eastern Harbour City,Six Cities,17100
2016,1,Transport,Railway,Railway,"3,145.70",Sutherland Shire,Central River City,Six Cities,17150
2016,1,Transport,Railway,Railway,329.9,Sydney,Eastern Harbour City,Six Cities,17200
2016,1,Transport,Railway,Railway,,Tamworth Regional,New England North West,Regional,17310
2016,1,Transport,Railway,Railway,,Temora,Riverina Murray,Regional,17350
2016,1,Transport,Railway,Railway,,Tenterfield,New England North West,Regional,17400
2016,1,Transport,Railway,Railway,,The Hills Shire,Central River City,Six Cities,17420
2016,1,Transport,Railway,Railway,,Tweed,North Coast,Regional,17550
2016,1,Transport,Railway,Railway,"1,032.80",Unincorporated NSW,Far West,Regional,19399
2016,1,Transport,Railway,Railway,"2,563.10",Upper Hunter Shire,Upper Hunter,Regional,17620
2016,1,Transport,Railway,Railway,,Upper Lachlan Shire,South East and Tablelands,Regional,17640
2016,1,Transport,Railway,Railway,,Uralla,New England North West,Regional,17650
2016,1,Transport,Railway,Railway,,Wagga Wagga,Riverina Murray,Regional,17750
2016,1,Transport,Railway,Railway,,Walcha,New England North West,Regional,17850
2016,1,Transport,Railway,Railway,,Walgett,Far West,Regional,17900
2016,1,Transport,Railway,Railway,"24,667.10",Warren,Central West and Orana,Regional,17950
2016,1,Transport,Railway,Railway,223.6,Warrumbungle Shire,Central West and Orana,Regional,18020
2016,1,Transport,Railway,Railway,,Waverley,Eastern Harbour City,Six Cities,18050
2016,1,Transport,Railway,Railway,,Weddin,Central West and Orana,Regional,18100
2016,1,Transport,Railway,Railway,,Wentworth,Far West,Regional,18200
2016,1,Transport,Railway,Railway,,Willoughby,Eastern Harbour City,Six Cities,18250
2016,1,Transport,Railway,Railway,"35,565.30",Wingecarribee,South East and Tablelands,Regional,18350
2016,1,Transport,Railway,Railway,"15,256.70",Wollondilly,Western Parkland City,Six Cities,18400
2016,1,Transport,Railway,Railway,"17,027.90",Wollongong,Illawarra-Shoalhaven City,Six Cities,18450
2016,1,Transport,Railway,Railway,,Woollahra,Eastern Harbour City,Six Cities,18500
2016,1,Transport,Railway,Railway,,Yass Valley,South East and Tablelands,Regional,18710
2017,1,Transport,Railway,Railway,"6,947.30",Albury,Riverina Murray,Regional,10050
2017,1,Transport,Railway,Railway,"5,201.80",Armidale Regional,New England North West,Regional,10130
2017,1,Transport,Railway,Railway,,Ballina,North Coast,Regional,10250
2017,1,Transport,Railway,Railway,,Balranald,Far West,Regional,10300
2017,1,Transport,Railway,Railway,,Bathurst Regional,Central West and Orana,Regional,10470
2017,1,Transport,Railway,Railway,"2,329.30",Bayside,Eastern Harbour City,Six Cities,10500
2017,1,Transport,Railway,Railway,,Bega Valley,South East and Tablelands,Regional,10550
2017,1,Transport,Railway,Railway,,Bellingen,North Coast,Regional,10600
2017,1,Transport,Railway,Railway,,Berrigan,Riverina Murray,Regional,10650
2017,1,Transport,Railway,Railway,"2,508.40",Blacktown,Central River City,Six Cities,10750
2017,1,Transport,Railway,Railway,,Bland,Riverina Murray,Regional,10800
2017,1,Transport,Railway,Railway,,Blayney,Central West and Orana,Regional,10850
2017,1,Transport,Railway,Railway,"13,306.40",Blue Mountains,Western Parkland City,Six Cities,10900
2017,1,Transport,Railway,Railway,,Bogan,Central West and Orana,Regional,10950
2017,1,Transport,Railway,Railway,,Bourke,Far West,Regional,11150
2017,1,Transport,Railway,Railway,,Brewarrina,Far West,Regional,11200
2017,1,Transport,Railway,Railway,"45,269.30",Broken Hill,Far West,Regional,11250
2017,1,Transport,Railway,Railway,94.8,Burwood,Eastern Harbour City,Six Cities,11300
2017,1,Transport,Railway,Railway,,Byron,North Coast,Regional,11350
2017,1,Transport,Railway,Railway,,Cabonne,Central West and Orana,Regional,11400
2017,1,Transport,Railway,Railway,,Camden,Western Parkland City,Six Cities,11450
2017,1,Transport,Railway,Railway,"5,993.90",Campbelltown,Western Parkland City,Six Cities,11500
2017,1,Transport,Railway,Railway,632.8,Canada Bay,Eastern Harbour City,Six Cities,11520
2017,1,Transport,Railway,Railway,"4,785.50",Canterbury-Bankstown,Central River City,Six Cities,11570
2017,1,Transport,Railway,Railway,,Carrathool,Riverina Murray,Regional,11600
2017,1,Transport,Railway,Railway,"11,402.40",Central Coast,Central Coast City,Six Cities,11650
2017,1,Transport,Railway,Railway,,Central Darling,Far West,Regional,11700
2017,1,Transport,Railway,Railway,"27,438.60",Cessnock,Lower Hunter and Greater Newcastle City,Six Cities,11720
2017,1,Transport,Railway,Railway,"13,746.90",Clarence Valley,North Coast,Regional,11730
2017,1,Transport,Railway,Railway,,Cobar,Far West,Regional,11750
2017,1,Transport,Railway,Railway,,Coffs Harbour,North Coast,Regional,11800
2017,1,Transport,Railway,Railway,,Coolamon,Riverina Murray,Regional,12000
2017,1,Transport,Railway,Railway,,Coonamble,Central West and Orana,Regional,12150
2017,1,Transport,Railway,Railway,"7,755.20",Cootamundra-Gundagai Regional,Riverina Murray,Regional,12160
2017,1,Transport,Railway,Railway,,Cowra,Central West and Orana,Regional,12350
2017,1,Transport,Railway,Railway,"3,895.50",Cumberland,Central River City,Six Cities,12380
2017,1,Transport,Railway,Railway,757.2,Dubbo Regional,Central West and Orana,Regional,12390
2017,1,Transport,Railway,Railway,"7,160.70",Dungog,Upper Hunter,Regional,12700
2017,1,Transport,Railway,Railway,,Edward River,Riverina Murray,Regional,12730
2017,1,Transport,Railway,Railway,,Eurobodalla,South East and Tablelands,Regional,12750
2017,1,Transport,Railway,Railway,"1,816.50",Fairfield,Western Parkland City,Six Cities,12850
2017,1,Transport,Railway,Railway,,Federation,Riverina Murray,Regional,12870
2017,1,Transport,Railway,Railway,,Forbes,Central West and Orana,Regional,12900
2017,1,Transport,Railway,Railway,"1,386.20",Georges River,Central River City,Six Cities,12930
2017,1,Transport,Railway,Railway,"5,597.10",Gilgandra,Central West and Orana,Regional,12950
2017,1,Transport,Railway,Railway,,Glen Innes Severn,New England North West,Regional,13010
2017,1,Transport,Railway,Railway,,Goulburn Mulwaree,South East and Tablelands,Regional,13310
2017,1,Transport,Railway,Railway,,Greater Hume Shire,Riverina Murray,Regional,13340
2017,1,Transport,Railway,Railway,,Griffith,Riverina Murray,Regional,13450
2017,1,Transport,Railway,Railway,"38,497.60",Gunnedah,New England North West,Regional,13550
2017,1,Transport,Railway,Railway,43.2,Gwydir,New England North West,Regional,13660
2017,1,Transport,Railway,Railway,,Hawkesbury,Western Parkland City,Six Cities,13800
2017,1,Transport,Railway,Railway,,Hay,Riverina Murray,Regional,13850
2017,1,Transport,Railway,Railway,,Hilltops,South East and Tablelands,Regional,13910
2017,1,Transport,Railway,Railway,"7,436.60",Hornsby,Eastern Harbour City,Six Cities,14000
2017,1,Transport,Railway,Railway,,Hunters Hill,Eastern Harbour City,Six Cities,14100
2017,1,Transport,Railway,Railway,"1,783.00",Inner West,Eastern Harbour City,Six Cities,14170
2017,1,Transport,Railway,Railway,,Inverell,New England North West,Regional,14200
2017,1,Transport,Railway,Railway,"3,536.50",Junee,Riverina Murray,Regional,14300
2017,1,Transport,Railway,Railway,,Kempsey,North Coast,Regional,14350
2017,1,Transport,Railway,Railway,"1,099.70",Kiama,Illawarra-Shoalhaven City,Six Cities,14400
2017,1,Transport,Railway,Railway,,Ku-Ring-Gai,Eastern Harbour City,Six Cities,14500
2017,1,Transport,Railway,Railway,,Kyogle,North Coast,Regional,14550
2017,1,Transport,Railway,Railway,,Lachlan,Central West and Orana,Regional,14600
2017,1,Transport,Railway,Railway,"10,136.90",Lake Macquarie,Lower Hunter and Greater Newcastle City,Six Cities,14650
2017,1,Transport,Railway,Railway,,Lane Cove,Eastern Harbour City,Six Cities,14700
2017,1,Transport,Railway,Railway,,Leeton,Riverina Murray,Regional,14750
2017,1,Transport,Railway,Railway,,Lismore,North Coast,Regional,14850
2017,1,Transport,Railway,Railway,"8,824.60",Lithgow,Central West and Orana,Regional,14870
2017,1,Transport,Railway,Railway,"1,967.40",Liverpool,Western Parkland City,Six Cities,14900
2017,1,Transport,Railway,Railway,,Liverpool Plains,New England North West,Regional,14920
2017,1,Transport,Railway,Railway,"13,894.60",Lockhart,Riverina Murray,Regional,14950
2017,1,Transport,Railway,Railway,"105,205.00",Maitland,Lower Hunter and Greater Newcastle City,Six Cities,15050
2017,1,Transport,Railway,Railway,"22,042.80",Mid-Coast,Upper Hunter,Regional,15240
2017,1,Transport,Railway,Railway,"45,188.10",Mid-Western Regional,Central West and Orana,Regional,15270
2017,1,Transport,Railway,Railway,,Moree Plains,New England North West,Regional,15300
2017,1,Transport,Railway,Railway,,Mosman,Eastern Harbour City,Six Cities,15350
2017,1,Transport,Railway,Railway,,Murray River,Riverina Murray,Regional,15520
2017,1,Transport,Railway,Railway,,Murrumbidgee,Riverina Murray,Regional,15560
2017,1,Transport,Railway,Railway,"65,045.60",Muswellbrook,Upper Hunter,Regional,15650
2017,1,Transport,Railway,Railway,,Nambucca,North Coast,Regional,15700
2017,1,Transport,Railway,Railway,"6,782.60",Narrabri,New England North West,Regional,15750
2017,1,Transport,Railway,Railway,,Narrandera,Riverina Murray,Regional,15800
2017,1,Transport,Railway,Railway,757.2,Narromine,Central West and Orana,Regional,15850
2017,1,Transport,Railway,Railway,"69,336.40",Newcastle,Lower Hunter and Greater Newcastle City,Six Cities,15900
2017,1,Transport,Railway,Railway,,North Sydney,Eastern Harbour City,Six Cities,15950
2017,1,Transport,Railway,Railway,,Northern Beaches,Eastern Harbour City,Six Cities,15990
2017,1,Transport,Railway,Railway,,Oberon,Central West and Orana,Regional,16100
2017,1,Transport,Railway,Railway,,Orange,Central West and Orana,Regional,16150
2017,1,Transport,Railway,Railway,"22,705.60",Parkes,Central West and Orana,Regional,16200
2017,1,Transport,Railway,Railway,,Parramatta,Central River City,Six Cities,16260
2017,1,Transport,Railway,Railway,"2,508.20",Penrith,Western Parkland City,Six Cities,16350
2017,1,Transport,Railway,Railway,,Port Macquarie-Hastings,North Coast,Regional,16380
2017,1,Transport,Railway,Railway,,Port Stephens,Lower Hunter and Greater Newcastle City,Six Cities,16400
2017,1,Transport,Railway,Railway,,Queanbeyan-Palerang Regional,South East and Tablelands,Regional,16490
2017,1,Transport,Railway,Railway,,Randwick,Eastern Harbour City,Six Cities,16550
2017,1,Transport,Railway,Railway,"3,899.70",Richmond Valley,North Coast,Regional,16610
2017,1,Transport,Railway,Railway,897.4,Ryde,Eastern Harbour City,Six Cities,16700
2017,1,Transport,Railway,Railway,"1,707.70",Shellharbour,Illawarra-Shoalhaven City,Six Cities,16900
2017,1,Transport,Railway,Railway,,Shoalhaven,Illawarra-Shoalhaven City,Six Cities,16950
2017,1,Transport,Railway,Railway,"149,766.00",Singleton,Upper Hunter,Regional,17000
2017,1,Transport,Railway,Railway,,Snowy Monaro Regional,South East and Tablelands,Regional,17040
2017,1,Transport,Railway,Railway,,Snowy Valleys,Riverina Murray,Regional,17080
2017,1,Transport,Railway,Railway,"1,145.40",Strathfield,Eastern Harbour City,Six Cities,17100
2017,1,Transport,Railway,Railway,"2,911.80",Sutherland Shire,Central River City,Six Cities,17150
2017,1,Transport,Railway,Railway,281,Sydney,Eastern Harbour City,Six Cities,17200
2017,1,Transport,Railway,Railway,,Tamworth Regional,New England North West,Regional,17310
2017,1,Transport,Railway,Railway,,Temora,Riverina Murray,Regional,17350
2017,1,Transport,Railway,Railway,,Tenterfield,New England North West,Regional,17400
2017,1,Transport,Railway,Railway,,The Hills Shire,Central River City,Six Cities,17420
2017,1,Transport,Railway,Railway,,Tweed,North Coast,Regional,17550
2017,1,Transport,Railway,Railway,951.1,Unincorporated NSW,Far West,Regional,19399
2017,1,Transport,Railway,Railway,"2,351.00",Upper Hunter Shire,Upper Hunter,Regional,17620
2017,1,Transport,Railway,Railway,,Upper Lachlan Shire,South East and Tablelands,Regional,17640
2017,1,Transport,Railway,Railway,,Uralla,New England North West,Regional,17650
2017,1,Transport,Railway,Railway,,Wagga Wagga,Riverina Murray,Regional,17750
2017,1,Transport,Railway,Railway,,Walcha,New England North West,Regional,17850
2017,1,Transport,Railway,Railway,,Walgett,Far West,Regional,17900
2017,1,Transport,Railway,Railway,"22,634.70",Warren,Central West and Orana,Regional,17950
2017,1,Transport,Railway,Railway,204.5,Warrumbungle Shire,Central West and Orana,Regional,18020
2017,1,Transport,Railway,Railway,,Waverley,Eastern Harbour City,Six Cities,18050
2017,1,Transport,Railway,Railway,,Weddin,Central West and Orana,Regional,18100
2017,1,Transport,Railway,Railway,,Wentworth,Far West,Regional,18200
2017,1,Transport,Railway,Railway,,Willoughby,Eastern Harbour City,Six Cities,18250
2017,1,Transport,Railway,Railway,"32,384.30",Wingecarribee,South East and Tablelands,Regional,18350
2017,1,Transport,Railway,Railway,"13,737.00",Wollondilly,Western Parkland City,Six Cities,18400
2017,1,Transport,Railway,Railway,"15,733.00",Wollongong,Illawarra-Shoalhaven City,Six Cities,18450
2017,1,Transport,Railway,Railway,,Woollahra,Eastern Harbour City,Six Cities,18500
2017,1,Transport,Railway,Railway,,Yass Valley,South East and Tablelands,Regional,18710
2018,1,Transport,Railway,Railway,"6,702.10",Albury,Riverina Murray,Regional,10050
2018,1,Transport,Railway,Railway,"5,024.70",Armidale Regional,New England North West,Regional,10130
2018,1,Transport,Railway,Railway,,Ballina,North Coast,Regional,10250
2018,1,Transport,Railway,Railway,,Balranald,Far West,Regional,10300
2018,1,Transport,Railway,Railway,,Bathurst Regional,Central West and Orana,Regional,10470
2018,1,Transport,Railway,Railway,"2,221.30",Bayside,Eastern Harbour City,Six Cities,10500
2018,1,Transport,Railway,Railway,,Bega Valley,South East and Tablelands,Regional,10550
2018,1,Transport,Railway,Railway,,Bellingen,North Coast,Regional,10600
2018,1,Transport,Railway,Railway,,Berrigan,Riverina Murray,Regional,10650
2018,1,Transport,Railway,Railway,"2,403.50",Blacktown,Central River City,Six Cities,10750
2018,1,Transport,Railway,Railway,,Bland,Riverina Murray,Regional,10800
2018,1,Transport,Railway,Railway,,Blayney,Central West and Orana,Regional,10850
2018,1,Transport,Railway,Railway,"12,750.40",Blue Mountains,Western Parkland City,Six Cities,10900
2018,1,Transport,Railway,Railway,,Bogan,Central West and Orana,Regional,10950
2018,1,Transport,Railway,Railway,,Bourke,Far West,Regional,11150
2018,1,Transport,Railway,Railway,,Brewarrina,Far West,Regional,11200
2018,1,Transport,Railway,Railway,"43,569.90",Broken Hill,Far West,Regional,11250
2018,1,Transport,Railway,Railway,102.3,Burwood,Eastern Harbour City,Six Cities,11300
2018,1,Transport,Railway,Railway,,Byron,North Coast,Regional,11350
2018,1,Transport,Railway,Railway,,Cabonne,Central West and Orana,Regional,11400
2018,1,Transport,Railway,Railway,,Camden,Western Parkland City,Six Cities,11450
2018,1,Transport,Railway,Railway,"5,867.10",Campbelltown,Western Parkland City,Six Cities,11500
2018,1,Transport,Railway,Railway,612.1,Canada Bay,Eastern Harbour City,Six Cities,11520
2018,1,Transport,Railway,Railway,"4,604.50",Canterbury-Bankstown,Central River City,Six Cities,11570
2018,1,Transport,Railway,Railway,,Carrathool,Riverina Murray,Regional,11600
2018,1,Transport,Railway,Railway,"11,028.70",Central Coast,Central Coast City,Six Cities,11650
2018,1,Transport,Railway,Railway,,Central Darling,Far West,Regional,11700
2018,1,Transport,Railway,Railway,"26,070.00",Cessnock,Lower Hunter and Greater Newcastle City,Six Cities,11720
2018,1,Transport,Railway,Railway,"13,250.80",Clarence Valley,North Coast,Regional,11730
2018,1,Transport,Railway,Railway,,Cobar,Far West,Regional,11750
2018,1,Transport,Railway,Railway,,Coffs Harbour,North Coast,Regional,11800
2018,1,Transport,Railway,Railway,,Coolamon,Riverina Murray,Regional,12000
2018,1,Transport,Railway,Railway,,Coonamble,Central West and Orana,Regional,12150
2018,1,Transport,Railway,Railway,"7,484.40",Cootamundra-Gundagai Regional,Riverina Murray,Regional,12160
2018,1,Transport,Railway,Railway,,Cowra,Central West and Orana,Regional,12350
2018,1,Transport,Railway,Railway,"3,726.10",Cumberland,Central River City,Six Cities,12380
2018,1,Transport,Railway,Railway,732.3,Dubbo Regional,Central West and Orana,Regional,12390
2018,1,Transport,Railway,Railway,"7,014.20",Dungog,Upper Hunter,Regional,12700
2018,1,Transport,Railway,Railway,,Edward River,Riverina Murray,Regional,12730
2018,1,Transport,Railway,Railway,,Eurobodalla,South East and Tablelands,Regional,12750
2018,1,Transport,Railway,Railway,"1,724.50",Fairfield,Western Parkland City,Six Cities,12850
2018,1,Transport,Railway,Railway,,Federation,Riverina Murray,Regional,12870
2018,1,Transport,Railway,Railway,,Forbes,Central West and Orana,Regional,12900
2018,1,Transport,Railway,Railway,"1,344.20",Georges River,Central River City,Six Cities,12930
2018,1,Transport,Railway,Railway,"5,412.90",Gilgandra,Central West and Orana,Regional,12950
2018,1,Transport,Railway,Railway,,Glen Innes Severn,New England North West,Regional,13010
2018,1,Transport,Railway,Railway,,Goulburn Mulwaree,South East and Tablelands,Regional,13310
2018,1,Transport,Railway,Railway,,Greater Hume Shire,Riverina Murray,Regional,13340
2018,1,Transport,Railway,Railway,,Griffith,Riverina Murray,Regional,13450
2018,1,Transport,Railway,Railway,"37,231.60",Gunnedah,New England North West,Regional,13550
2018,1,Transport,Railway,Railway,41.8,Gwydir,New England North West,Regional,13660
2018,1,Transport,Railway,Railway,,Hawkesbury,Western Parkland City,Six Cities,13800
2018,1,Transport,Railway,Railway,,Hay,Riverina Murray,Regional,13850
2018,1,Transport,Railway,Railway,,Hilltops,South East and Tablelands,Regional,13910
2018,1,Transport,Railway,Railway,"7,194.50",Hornsby,Eastern Harbour City,Six Cities,14000
2018,1,Transport,Railway,Railway,,Hunters Hill,Eastern Harbour City,Six Cities,14100
2018,1,Transport,Railway,Railway,"1,744.70",Inner West,Eastern Harbour City,Six Cities,14170
2018,1,Transport,Railway,Railway,,Inverell,New England North West,Regional,14200
2018,1,Transport,Railway,Railway,"3,410.40",Junee,Riverina Murray,Regional,14300
2018,1,Transport,Railway,Railway,,Kempsey,North Coast,Regional,14350
2018,1,Transport,Railway,Railway,"1,055.40",Kiama,Illawarra-Shoalhaven City,Six Cities,14400
2018,1,Transport,Railway,Railway,,Ku-Ring-Gai,Eastern Harbour City,Six Cities,14500
2018,1,Transport,Railway,Railway,,Kyogle,North Coast,Regional,14550
2018,1,Transport,Railway,Railway,,Lachlan,Central West and Orana,Regional,14600
2018,1,Transport,Railway,Railway,"9,782.50",Lake Macquarie,Lower Hunter and Greater Newcastle City,Six Cities,14650
2018,1,Transport,Railway,Railway,,Lane Cove,Eastern Harbour City,Six Cities,14700
2018,1,Transport,Railway,Railway,,Leeton,Riverina Murray,Regional,14750
2018,1,Transport,Railway,Railway,,Lismore,North Coast,Regional,14850
2018,1,Transport,Railway,Railway,"8,492.50",Lithgow,Central West and Orana,Regional,14870
2018,1,Transport,Railway,Railway,"1,898.10",Liverpool,Western Parkland City,Six Cities,14900
2018,1,Transport,Railway,Railway,,Liverpool Plains,New England North West,Regional,14920
2018,1,Transport,Railway,Railway,"13,404.30",Lockhart,Riverina Murray,Regional,14950
2018,1,Transport,Railway,Railway,"100,744.40",Maitland,Lower Hunter and Greater Newcastle City,Six Cities,15050
2018,1,Transport,Railway,Railway,"21,298.00",Mid-Coast,Upper Hunter,Regional,15240
2018,1,Transport,Railway,Railway,"43,450.50",Mid-Western Regional,Central West and Orana,Regional,15270
2018,1,Transport,Railway,Railway,,Moree Plains,New England North West,Regional,15300
2018,1,Transport,Railway,Railway,,Mosman,Eastern Harbour City,Six Cities,15350
2018,1,Transport,Railway,Railway,,Murray River,Riverina Murray,Regional,15520
2018,1,Transport,Railway,Railway,,Murrumbidgee,Riverina Murray,Regional,15560
2018,1,Transport,Railway,Railway,"61,852.60",Muswellbrook,Upper Hunter,Regional,15650
2018,1,Transport,Railway,Railway,,Nambucca,North Coast,Regional,15700
2018,1,Transport,Railway,Railway,"6,480.40",Narrabri,New England North West,Regional,15750
2018,1,Transport,Railway,Railway,,Narrandera,Riverina Murray,Regional,15800
2018,1,Transport,Railway,Railway,732.3,Narromine,Central West and Orana,Regional,15850
2018,1,Transport,Railway,Railway,"66,220.00",Newcastle,Lower Hunter and Greater Newcastle City,Six Cities,15900
2018,1,Transport,Railway,Railway,,North Sydney,Eastern Harbour City,Six Cities,15950
2018,1,Transport,Railway,Railway,,Northern Beaches,Eastern Harbour City,Six Cities,15990
2018,1,Transport,Railway,Railway,,Oberon,Central West and Orana,Regional,16100
2018,1,Transport,Railway,Railway,,Orange,Central West and Orana,Regional,16150
2018,1,Transport,Railway,Railway,"21,853.50",Parkes,Central West and Orana,Regional,16200
2018,1,Transport,Railway,Railway,,Parramatta,Central River City,Six Cities,16260
2018,1,Transport,Railway,Railway,"2,403.40",Penrith,Western Parkland City,Six Cities,16350
2018,1,Transport,Railway,Railway,,Port Macquarie-Hastings,North Coast,Regional,16380
2018,1,Transport,Railway,Railway,,Port Stephens,Lower Hunter and Greater Newcastle City,Six Cities,16400
2018,1,Transport,Railway,Railway,,Queanbeyan-Palerang Regional,South East and Tablelands,Regional,16490
2018,1,Transport,Railway,Railway,,Randwick,Eastern Harbour City,Six Cities,16550
2018,1,Transport,Railway,Railway,"3,760.90",Richmond Valley,North Coast,Regional,16610
2018,1,Transport,Railway,Railway,868,Ryde,Eastern Harbour City,Six Cities,16700
2018,1,Transport,Railway,Railway,"1,621.20",Shellharbour,Illawarra-Shoalhaven City,Six Cities,16900
2018,1,Transport,Railway,Railway,,Shoalhaven,Illawarra-Shoalhaven City,Six Cities,16950
2018,1,Transport,Railway,Railway,"142,671.00",Singleton,Upper Hunter,Regional,17000
2018,1,Transport,Railway,Railway,,Snowy Monaro Regional,South East and Tablelands,Regional,17040
2018,1,Transport,Railway,Railway,,Snowy Valleys,Riverina Murray,Regional,17080
2018,1,Transport,Railway,Railway,"1,098.70",Strathfield,Eastern Harbour City,Six Cities,17100
2018,1,Transport,Railway,Railway,"2,764.30",Sutherland Shire,Central River City,Six Cities,17150
2018,1,Transport,Railway,Railway,303.2,Sydney,Eastern Harbour City,Six Cities,17200
2018,1,Transport,Railway,Railway,,Tamworth Regional,New England North West,Regional,17310
2018,1,Transport,Railway,Railway,,Temora,Riverina Murray,Regional,17350
2018,1,Transport,Railway,Railway,,Tenterfield,New England North West,Regional,17400
2018,1,Transport,Railway,Railway,,The Hills Shire,Central River City,Six Cities,17420
2018,1,Transport,Railway,Railway,,Tweed,North Coast,Regional,17550
2018,1,Transport,Railway,Railway,910.3,Unincorporated NSW,Far West,Regional,19399
2018,1,Transport,Railway,Railway,"2,264.10",Upper Hunter Shire,Upper Hunter,Regional,17620
2018,1,Transport,Railway,Railway,,Upper Lachlan Shire,South East and Tablelands,Regional,17640
2018,1,Transport,Railway,Railway,,Uralla,New England North West,Regional,17650
2018,1,Transport,Railway,Railway,,Wagga Wagga,Riverina Murray,Regional,17750
2018,1,Transport,Railway,Railway,,Walcha,New England North West,Regional,17850
2018,1,Transport,Railway,Railway,,Walgett,Far West,Regional,17900
2018,1,Transport,Railway,Railway,"21,784.90",Warren,Central West and Orana,Regional,17950
2018,1,Transport,Railway,Railway,197.8,Warrumbungle Shire,Central West and Orana,Regional,18020
2018,1,Transport,Railway,Railway,,Waverley,Eastern Harbour City,Six Cities,18050
2018,1,Transport,Railway,Railway,,Weddin,Central West and Orana,Regional,18100
2018,1,Transport,Railway,Railway,,Wentworth,Far West,Regional,18200
2018,1,Transport,Railway,Railway,,Willoughby,Eastern Harbour City,Six Cities,18250
2018,1,Transport,Railway,Railway,"31,546.70",Wingecarribee,South East and Tablelands,Regional,18350
2018,1,Transport,Railway,Railway,"13,617.50",Wollondilly,Western Parkland City,Six Cities,18400
2018,1,Transport,Railway,Railway,"14,979.30",Wollongong,Illawarra-Shoalhaven City,Six Cities,18450
2018,1,Transport,Railway,Railway,,Woollahra,Eastern Harbour City,Six Cities,18500
2018,1,Transport,Railway,Railway,,Yass Valley,South East and Tablelands,Regional,18710
2019,1,Transport,Railway,Railway,"6,917.90",Albury,Riverina Murray,Regional,10050
2019,1,Transport,Railway,Railway,"5,186.80",Armidale Regional,New England North West,Regional,10130
2019,1,Transport,Railway,Railway,,Ballina,North Coast,Regional,10250
2019,1,Transport,Railway,Railway,,Balranald,Far West,Regional,10300
2019,1,Transport,Railway,Railway,,Bathurst Regional,Central West and Orana,Regional,10470
2019,1,Transport,Railway,Railway,"2,291.60",Bayside,Eastern Harbour City,Six Cities,10500
2019,1,Transport,Railway,Railway,,Bega Valley,South East and Tablelands,Regional,10550
2019,1,Transport,Railway,Railway,,Bellingen,North Coast,Regional,10600
2019,1,Transport,Railway,Railway,,Berrigan,Riverina Murray,Regional,10650
2019,1,Transport,Railway,Railway,"2,480.10",Blacktown,Central River City,Six Cities,10750
2019,1,Transport,Railway,Railway,,Bland,Riverina Murray,Regional,10800
2019,1,Transport,Railway,Railway,,Blayney,Central West and Orana,Regional,10850
2019,1,Transport,Railway,Railway,"13,156.80",Blue Mountains,Western Parkland City,Six Cities,10900
2019,1,Transport,Railway,Railway,,Bogan,Central West and Orana,Regional,10950
2019,1,Transport,Railway,Railway,,Bourke,Far West,Regional,11150
2019,1,Transport,Railway,Railway,,Brewarrina,Far West,Regional,11200
2019,1,Transport,Railway,Railway,"44,967.70",Broken Hill,Far West,Regional,11250
2019,1,Transport,Railway,Railway,106.1,Burwood,Eastern Harbour City,Six Cities,11300
2019,1,Transport,Railway,Railway,,Byron,North Coast,Regional,11350
2019,1,Transport,Railway,Railway,,Cabonne,Central West and Orana,Regional,11400
2019,1,Transport,Railway,Railway,,Camden,Western Parkland City,Six Cities,11450
2019,1,Transport,Railway,Railway,"6,059.90",Campbelltown,Western Parkland City,Six Cities,11500
2019,1,Transport,Railway,Railway,631.8,Canada Bay,Eastern Harbour City,Six Cities,11520
2019,1,Transport,Railway,Railway,"4,752.20",Canterbury-Bankstown,Central River City,Six Cities,11570
2019,1,Transport,Railway,Railway,,Carrathool,Riverina Murray,Regional,11600
2019,1,Transport,Railway,Railway,"11,385.10",Central Coast,Central Coast City,Six Cities,11650
2019,1,Transport,Railway,Railway,,Central Darling,Far West,Regional,11700
2019,1,Transport,Railway,Railway,"26,890.50",Cessnock,Lower Hunter and Greater Newcastle City,Six Cities,11720
2019,1,Transport,Railway,Railway,"13,676.80",Clarence Valley,North Coast,Regional,11730
2019,1,Transport,Railway,Railway,,Cobar,Far West,Regional,11750
2019,1,Transport,Railway,Railway,,Coffs Harbour,North Coast,Regional,11800
2019,1,Transport,Railway,Railway,,Coolamon,Riverina Murray,Regional,12000
2019,1,Transport,Railway,Railway,,Coonamble,Central West and Orana,Regional,12150
2019,1,Transport,Railway,Railway,"7,725.50",Cootamundra-Gundagai Regional,Riverina Murray,Regional,12160
2019,1,Transport,Railway,Railway,,Cowra,Central West and Orana,Regional,12350
2019,1,Transport,Railway,Railway,"3,844.60",Cumberland,Central River City,Six Cities,12380
2019,1,Transport,Railway,Railway,756,Dubbo Regional,Central West and Orana,Regional,12390
2019,1,Transport,Railway,Railway,"7,245.00",Dungog,Upper Hunter,Regional,12700
2019,1,Transport,Railway,Railway,,Edward River,Riverina Murray,Regional,12730
2019,1,Transport,Railway,Railway,,Eurobodalla,South East and Tablelands,Regional,12750
2019,1,Transport,Railway,Railway,"1,778.70",Fairfield,Western Parkland City,Six Cities,12850
2019,1,Transport,Railway,Railway,,Federation,Riverina Murray,Regional,12870
2019,1,Transport,Railway,Railway,,Forbes,Central West and Orana,Regional,12900
2019,1,Transport,Railway,Railway,"1,387.80",Georges River,Central River City,Six Cities,12930
2019,1,Transport,Railway,Railway,"5,587.80",Gilgandra,Central West and Orana,Regional,12950
2019,1,Transport,Railway,Railway,,Glen Innes Severn,New England North West,Regional,13010
2019,1,Transport,Railway,Railway,,Goulburn Mulwaree,South East and Tablelands,Regional,13310
2019,1,Transport,Railway,Railway,,Greater Hume Shire,Riverina Murray,Regional,13340
2019,1,Transport,Railway,Railway,,Griffith,Riverina Murray,Regional,13450
2019,1,Transport,Railway,Railway,"38,434.50",Gunnedah,New England North West,Regional,13550
2019,1,Transport,Railway,Railway,43.2,Gwydir,New England North West,Regional,13660
2019,1,Transport,Railway,Railway,,Hawkesbury,Western Parkland City,Six Cities,13800
2019,1,Transport,Railway,Railway,,Hay,Riverina Murray,Regional,13850
2019,1,Transport,Railway,Railway,,Hilltops,South East and Tablelands,Regional,13910
2019,1,Transport,Railway,Railway,"7,427.10",Hornsby,Eastern Harbour City,Six Cities,14000
2019,1,Transport,Railway,Railway,,Hunters Hill,Eastern Harbour City,Six Cities,14100
2019,1,Transport,Railway,Railway,"1,802.00",Inner West,Eastern Harbour City,Six Cities,14170
2019,1,Transport,Railway,Railway,,Inverell,New England North West,Regional,14200
2019,1,Transport,Railway,Railway,"3,520.10",Junee,Riverina Murray,Regional,14300
2019,1,Transport,Railway,Railway,,Kempsey,North Coast,Regional,14350
2019,1,Transport,Railway,Railway,"1,089.10",Kiama,Illawarra-Shoalhaven City,Six Cities,14400
2019,1,Transport,Railway,Railway,,Ku-Ring-Gai,Eastern Harbour City,Six Cities,14500
2019,1,Transport,Railway,Railway,,Kyogle,North Coast,Regional,14550
2019,1,Transport,Railway,Railway,,Lachlan,Central West and Orana,Regional,14600
2019,1,Transport,Railway,Railway,"10,097.50",Lake Macquarie,Lower Hunter and Greater Newcastle City,Six Cities,14650
2019,1,Transport,Railway,Railway,,Lane Cove,Eastern Harbour City,Six Cities,14700
2019,1,Transport,Railway,Railway,,Leeton,Riverina Murray,Regional,14750
2019,1,Transport,Railway,Railway,,Lismore,North Coast,Regional,14850
2019,1,Transport,Railway,Railway,"8,764.90",Lithgow,Central West and Orana,Regional,14870
2019,1,Transport,Railway,Railway,"1,959.30",Liverpool,Western Parkland City,Six Cities,14900
2019,1,Transport,Railway,Railway,,Liverpool Plains,New England North West,Regional,14920
2019,1,Transport,Railway,Railway,"13,835.80",Lockhart,Riverina Murray,Regional,14950
2019,1,Transport,Railway,Railway,"103,952.70",Maitland,Lower Hunter and Greater Newcastle City,Six Cities,15050
2019,1,Transport,Railway,Railway,"21,985.20",Mid-Coast,Upper Hunter,Regional,15240
2019,1,Transport,Railway,Railway,"44,842.60",Mid-Western Regional,Central West and Orana,Regional,15270
2019,1,Transport,Railway,Railway,,Moree Plains,New England North West,Regional,15300
2019,1,Transport,Railway,Railway,,Mosman,Eastern Harbour City,Six Cities,15350
2019,1,Transport,Railway,Railway,,Murray River,Riverina Murray,Regional,15520
2019,1,Transport,Railway,Railway,,Murrumbidgee,Riverina Murray,Regional,15560
2019,1,Transport,Railway,Railway,"63,801.90",Muswellbrook,Upper Hunter,Regional,15650
2019,1,Transport,Railway,Railway,,Nambucca,North Coast,Regional,15700
2019,1,Transport,Railway,Railway,"6,686.10",Narrabri,New England North West,Regional,15750
2019,1,Transport,Railway,Railway,,Narrandera,Riverina Murray,Regional,15800
2019,1,Transport,Railway,Railway,756,Narromine,Central West and Orana,Regional,15850
2019,1,Transport,Railway,Railway,"68,320.50",Newcastle,Lower Hunter and Greater Newcastle City,Six Cities,15900
2019,1,Transport,Railway,Railway,,North Sydney,Eastern Harbour City,Six Cities,15950
2019,1,Transport,Railway,Railway,,Northern Beaches,Eastern Harbour City,Six Cities,15990
2019,1,Transport,Railway,Railway,,Oberon,Central West and Orana,Regional,16100
2019,1,Transport,Railway,Railway,,Orange,Central West and Orana,Regional,16150
2019,1,Transport,Railway,Railway,"22,554.60",Parkes,Central West and Orana,Regional,16200
2019,1,Transport,Railway,Railway,,Parramatta,Central River City,Six Cities,16260
2019,1,Transport,Railway,Railway,"2,480.00",Penrith,Western Parkland City,Six Cities,16350
2019,1,Transport,Railway,Railway,,Port Macquarie-Hastings,North Coast,Regional,16380
2019,1,Transport,Railway,Railway,,Port Stephens,Lower Hunter and Greater Newcastle City,Six Cities,16400
2019,1,Transport,Railway,Railway,,Queanbeyan-Palerang Regional,South East and Tablelands,Regional,16490
2019,1,Transport,Railway,Railway,,Randwick,Eastern Harbour City,Six Cities,16550
2019,1,Transport,Railway,Railway,"3,881.90",Richmond Valley,North Coast,Regional,16610
2019,1,Transport,Railway,Railway,896,Ryde,Eastern Harbour City,Six Cities,16700
2019,1,Transport,Railway,Railway,"1,672.20",Shellharbour,Illawarra-Shoalhaven City,Six Cities,16900
2019,1,Transport,Railway,Railway,,Shoalhaven,Illawarra-Shoalhaven City,Six Cities,16950
2019,1,Transport,Railway,Railway,"147,179.40",Singleton,Upper Hunter,Regional,17000
2019,1,Transport,Railway,Railway,,Snowy Monaro Regional,South East and Tablelands,Regional,17040
2019,1,Transport,Railway,Railway,,Snowy Valleys,Riverina Murray,Regional,17080
2019,1,Transport,Railway,Railway,"1,133.80",Strathfield,Eastern Harbour City,Six Cities,17100
2019,1,Transport,Railway,Railway,"2,851.20",Sutherland Shire,Central River City,Six Cities,17150
2019,1,Transport,Railway,Railway,314.5,Sydney,Eastern Harbour City,Six Cities,17200
2019,1,Transport,Railway,Railway,,Tamworth Regional,New England North West,Regional,17310
2019,1,Transport,Railway,Railway,,Temora,Riverina Murray,Regional,17350
2019,1,Transport,Railway,Railway,,Tenterfield,New England North West,Regional,17400
2019,1,Transport,Railway,Railway,,The Hills Shire,Central River City,Six Cities,17420
2019,1,Transport,Railway,Railway,,Tweed,North Coast,Regional,17550
2019,1,Transport,Railway,Railway,939.3,Unincorporated NSW,Far West,Regional,19399
2019,1,Transport,Railway,Railway,"2,336.80",Upper Hunter Shire,Upper Hunter,Regional,17620
2019,1,Transport,Railway,Railway,,Upper Lachlan Shire,South East and Tablelands,Regional,17640
2019,1,Transport,Railway,Railway,,Uralla,New England North West,Regional,17650
2019,1,Transport,Railway,Railway,,Wagga Wagga,Riverina Murray,Regional,17750
2019,1,Transport,Railway,Railway,,Walcha,New England North West,Regional,17850
2019,1,Transport,Railway,Railway,,Walgett,Far West,Regional,17900
2019,1,Transport,Railway,Railway,"22,483.90",Warren,Central West and Orana,Regional,17950
2019,1,Transport,Railway,Railway,204.2,Warrumbungle Shire,Central West and Orana,Regional,18020
2019,1,Transport,Railway,Railway,,Waverley,Eastern Harbour City,Six Cities,18050
2019,1,Transport,Railway,Railway,,Weddin,Central West and Orana,Regional,18100
2019,1,Transport,Railway,Railway,,Wentworth,Far West,Regional,18200
2019,1,Transport,Railway,Railway,,Willoughby,Eastern Harbour City,Six Cities,18250
2019,1,Transport,Railway,Railway,"32,576.50",Wingecarribee,South East and Tablelands,Regional,18350
2019,1,Transport,Railway,Railway,"14,072.90",Wollondilly,Western Parkland City,Six Cities,18400
2019,1,Transport,Railway,Railway,"15,452.30",Wollongong,Illawarra-Shoalhaven City,Six Cities,18450
2019,1,Transport,Railway,Railway,,Woollahra,Eastern Harbour City,Six Cities,18500
2019,1,Transport,Railway,Railway,,Yass Valley,South East and Tablelands,Regional,18710
2016,1,Transport,Other,Pipelines,397.2,Albury,Riverina Murray,Regional,10050
2016,1,Transport,Other,Pipelines,,Armidale Regional,New England North West,Regional,10130
2016,1,Transport,Other,Pipelines,,Ballina,North Coast,Regional,10250
2016,1,Transport,Other,Pipelines,,Balranald,Far West,Regional,10300
2016,1,Transport,Other,Pipelines,675.3,Bathurst Regional,Central West and Orana,Regional,10470
2016,1,Transport,Other,Pipelines,39.7,Bayside,Eastern Harbour City,Six Cities,10500
2016,1,Transport,Other,Pipelines,,Bega Valley,South East and Tablelands,Regional,10550
2016,1,Transport,Other,Pipelines,,Bellingen,North Coast,Regional,10600
2016,1,Transport,Other,Pipelines,437,Berrigan,Riverina Murray,Regional,10650
2016,1,Transport,Other,Pipelines,264.8,Blacktown,Central River City,Six Cities,10750
2016,1,Transport,Other,Pipelines,"1,059.30",Bland,Riverina Murray,Regional,10800
2016,1,Transport,Other,Pipelines,754.7,Blayney,Central West and Orana,Regional,10850
2016,1,Transport,Other,Pipelines,,Blue Mountains,Western Parkland City,Six Cities,10900
2016,1,Transport,Other,Pipelines,,Bogan,Central West and Orana,Regional,10950
2016,1,Transport,Other,Pipelines,,Bourke,Far West,Regional,11150
2016,1,Transport,Other,Pipelines,,Brewarrina,Far West,Regional,11200
2016,1,Transport,Other,Pipelines,,Broken Hill,Far West,Regional,11250
2016,1,Transport,Other,Pipelines,,Burwood,Eastern Harbour City,Six Cities,11300
2016,1,Transport,Other,Pipelines,,Byron,North Coast,Regional,11350
2016,1,Transport,Other,Pipelines,,Cabonne,Central West and Orana,Regional,11400
2016,1,Transport,Other,Pipelines,211.9,Camden,Western Parkland City,Six Cities,11450
2016,1,Transport,Other,Pipelines,450.2,Campbelltown,Western Parkland City,Six Cities,11500
2016,1,Transport,Other,Pipelines,,Canada Bay,Eastern Harbour City,Six Cities,11520
2016,1,Transport,Other,Pipelines,119.2,Canterbury-Bankstown,Central River City,Six Cities,11570
2016,1,Transport,Other,Pipelines,,Carrathool,Riverina Murray,Regional,11600
2016,1,Transport,Other,Pipelines,"1,377.10",Central Coast,Central Coast City,Six Cities,11650
2016,1,Transport,Other,Pipelines,"3,336.80",Central Darling,Far West,Regional,11700
2016,1,Transport,Other,Pipelines,,Cessnock,Lower Hunter and Greater Newcastle City,Six Cities,11720
2016,1,Transport,Other,Pipelines,,Clarence Valley,North Coast,Regional,11730
2016,1,Transport,Other,Pipelines,"8,421.30",Cobar,Far West,Regional,11750
2016,1,Transport,Other,Pipelines,,Coffs Harbour,North Coast,Regional,11800
2016,1,Transport,Other,Pipelines,675.3,Coolamon,Riverina Murray,Regional,12000
2016,1,Transport,Other,Pipelines,,Coonamble,Central West and Orana,Regional,12150
2016,1,Transport,Other,Pipelines,807.7,Cootamundra-Gundagai Regional,Riverina Murray,Regional,12160
2016,1,Transport,Other,Pipelines,675.3,Cowra,Central West and Orana,Regional,12350
2016,1,Transport,Other,Pipelines,145.7,Cumberland,Central River City,Six Cities,12380
2016,1,Transport,Other,Pipelines,"1,099.00",Dubbo Regional,Central West and Orana,Regional,12390
2016,1,Transport,Other,Pipelines,,Dungog,Upper Hunter,Regional,12700
2016,1,Transport,Other,Pipelines,,Edward River,Riverina Murray,Regional,12730
2016,1,Transport,Other,Pipelines,,Eurobodalla,South East and Tablelands,Regional,12750
2016,1,Transport,Other,Pipelines,53,Fairfield,Western Parkland City,Six Cities,12850
2016,1,Transport,Other,Pipelines,,Federation,Riverina Murray,Regional,12870
2016,1,Transport,Other,Pipelines,"1,085.80",Forbes,Central West and Orana,Regional,12900
2016,1,Transport,Other,Pipelines,,Georges River,Central River City,Six Cities,12930
2016,1,Transport,Other,Pipelines,,Gilgandra,Central West and Orana,Regional,12950
2016,1,Transport,Other,Pipelines,,Glen Innes Severn,New England North West,Regional,13010
2016,1,Transport,Other,Pipelines,"1,853.80",Goulburn Mulwaree,South East and Tablelands,Regional,13310
2016,1,Transport,Other,Pipelines,105.9,Greater Hume Shire,Riverina Murray,Regional,13340
2016,1,Transport,Other,Pipelines,158.9,Griffith,Riverina Murray,Regional,13450
2016,1,Transport,Other,Pipelines,370.8,Gunnedah,New England North West,Regional,13550
2016,1,Transport,Other,Pipelines,,Gwydir,New England North West,Regional,13660
2016,1,Transport,Other,Pipelines,,Hawkesbury,Western Parkland City,Six Cities,13800
2016,1,Transport,Other,Pipelines,,Hay,Riverina Murray,Regional,13850
2016,1,Transport,Other,Pipelines,"4,938.90",Hilltops,South East and Tablelands,Regional,13910
2016,1,Transport,Other,Pipelines,278.1,Hornsby,Eastern Harbour City,Six Cities,14000
2016,1,Transport,Other,Pipelines,,Hunters Hill,Eastern Harbour City,Six Cities,14100
2016,1,Transport,Other,Pipelines,,Inner West,Eastern Harbour City,Six Cities,14170
2016,1,Transport,Other,Pipelines,,Inverell,New England North West,Regional,14200
2016,1,Transport,Other,Pipelines,834.2,Junee,Riverina Murray,Regional,14300
2016,1,Transport,Other,Pipelines,,Kempsey,North Coast,Regional,14350
2016,1,Transport,Other,Pipelines,211.9,Kiama,Illawarra-Shoalhaven City,Six Cities,14400
2016,1,Transport,Other,Pipelines,,Ku-Ring-Gai,Eastern Harbour City,Six Cities,14500
2016,1,Transport,Other,Pipelines,,Kyogle,North Coast,Regional,14550
2016,1,Transport,Other,Pipelines,"2,356.90",Lachlan,Central West and Orana,Regional,14600
2016,1,Transport,Other,Pipelines,715,Lake Macquarie,Lower Hunter and Greater Newcastle City,Six Cities,14650
2016,1,Transport,Other,Pipelines,,Lane Cove,Eastern Harbour City,Six Cities,14700
2016,1,Transport,Other,Pipelines,569.4,Leeton,Riverina Murray,Regional,14750
2016,1,Transport,Other,Pipelines,,Lismore,North Coast,Regional,14850
2016,1,Transport,Other,Pipelines,278.1,Lithgow,Central West and Orana,Regional,14870
2016,1,Transport,Other,Pipelines,105.9,Liverpool,Western Parkland City,Six Cities,14900
2016,1,Transport,Other,Pipelines,940.1,Liverpool Plains,New England North West,Regional,14920
2016,1,Transport,Other,Pipelines,423.7,Lockhart,Riverina Murray,Regional,14950
2016,1,Transport,Other,Pipelines,,Maitland,Lower Hunter and Greater Newcastle City,Six Cities,15050
2016,1,Transport,Other,Pipelines,,Mid-Coast,Upper Hunter,Regional,15240
2016,1,Transport,Other,Pipelines,,Mid-Western Regional,Central West and Orana,Regional,15270
2016,1,Transport,Other,Pipelines,,Moree Plains,New England North West,Regional,15300
2016,1,Transport,Other,Pipelines,,Mosman,Eastern Harbour City,Six Cities,15350
2016,1,Transport,Other,Pipelines,,Murray River,Riverina Murray,Regional,15520
2016,1,Transport,Other,Pipelines,,Murrumbidgee,Riverina Murray,Regional,15560
2016,1,Transport,Other,Pipelines,,Muswellbrook,Upper Hunter,Regional,15650
2016,1,Transport,Other,Pipelines,,Nambucca,North Coast,Regional,15700
2016,1,Transport,Other,Pipelines,,Narrabri,New England North West,Regional,15750
2016,1,Transport,Other,Pipelines,675.3,Narrandera,Riverina Murray,Regional,15800
2016,1,Transport,Other,Pipelines,926.9,Narromine,Central West and Orana,Regional,15850
2016,1,Transport,Other,Pipelines,,Newcastle,Lower Hunter and Greater Newcastle City,Six Cities,15900
2016,1,Transport,Other,Pipelines,39.7,North Sydney,Eastern Harbour City,Six Cities,15950
2016,1,Transport,Other,Pipelines,317.8,Northern Beaches,Eastern Harbour City,Six Cities,15990
2016,1,Transport,Other,Pipelines,79.4,Oberon,Central West and Orana,Regional,16100
2016,1,Transport,Other,Pipelines,198.6,Orange,Central West and Orana,Regional,16150
2016,1,Transport,Other,Pipelines,913.6,Parkes,Central West and Orana,Regional,16200
2016,1,Transport,Other,Pipelines,,Parramatta,Central River City,Six Cities,16260
2016,1,Transport,Other,Pipelines,66.2,Penrith,Western Parkland City,Six Cities,16350
2016,1,Transport,Other,Pipelines,,Port Macquarie-Hastings,North Coast,Regional,16380
2016,1,Transport,Other,Pipelines,,Port Stephens,Lower Hunter and Greater Newcastle City,Six Cities,16400
2016,1,Transport,Other,Pipelines,993.1,Queanbeyan-Palerang Regional,South East and Tablelands,Regional,16490
2016,1,Transport,Other,Pipelines,105.9,Randwick,Eastern Harbour City,Six Cities,16550
2016,1,Transport,Other,Pipelines,,Richmond Valley,North Coast,Regional,16610
2016,1,Transport,Other,Pipelines,,Ryde,Eastern Harbour City,Six Cities,16700
2016,1,Transport,Other,Pipelines,132.4,Shellharbour,Illawarra-Shoalhaven City,Six Cities,16900
2016,1,Transport,Other,Pipelines,"1,019.60",Shoalhaven,Illawarra-Shoalhaven City,Six Cities,16950
2016,1,Transport,Other,Pipelines,,Singleton,Upper Hunter,Regional,17000
2016,1,Transport,Other,Pipelines,"2,462.80",Snowy Monaro Regional,South East and Tablelands,Regional,17040
2016,1,Transport,Other,Pipelines,"1,483.00",Snowy Valleys,Riverina Murray,Regional,17080
2016,1,Transport,Other,Pipelines,,Strathfield,Eastern Harbour City,Six Cities,17100
2016,1,Transport,Other,Pipelines,,Sutherland Shire,Central River City,Six Cities,17150
2016,1,Transport,Other,Pipelines,225.1,Sydney,Eastern Harbour City,Six Cities,17200
2016,1,Transport,Other,Pipelines,370.8,Tamworth Regional,New England North West,Regional,17310
2016,1,Transport,Other,Pipelines,,Temora,Riverina Murray,Regional,17350
2016,1,Transport,Other,Pipelines,,Tenterfield,New England North West,Regional,17400
2016,1,Transport,Other,Pipelines,145.7,The Hills Shire,Central River City,Six Cities,17420
2016,1,Transport,Other,Pipelines,,Tweed,North Coast,Regional,17550
2016,1,Transport,Other,Pipelines,"5,773.10",Unincorporated NSW,Far West,Regional,19399
2016,1,Transport,Other,Pipelines,,Upper Hunter Shire,Upper Hunter,Regional,17620
2016,1,Transport,Other,Pipelines,"1,946.40",Upper Lachlan Shire,South East and Tablelands,Regional,17640
2016,1,Transport,Other,Pipelines,,Uralla,New England North West,Regional,17650
2016,1,Transport,Other,Pipelines,"1,721.30",Wagga Wagga,Riverina Murray,Regional,17750
2016,1,Transport,Other,Pipelines,,Walcha,New England North West,Regional,17850
2016,1,Transport,Other,Pipelines,,Walgett,Far West,Regional,17900
2016,1,Transport,Other,Pipelines,,Warren,Central West and Orana,Regional,17950
2016,1,Transport,Other,Pipelines,"1,244.70",Warrumbungle Shire,Central West and Orana,Regional,18020
2016,1,Transport,Other,Pipelines,,Waverley,Eastern Harbour City,Six Cities,18050
2016,1,Transport,Other,Pipelines,"2,052.40",Weddin,Central West and Orana,Regional,18100
2016,1,Transport,Other,Pipelines,,Wentworth,Far West,Regional,18200
2016,1,Transport,Other,Pipelines,53,Willoughby,Eastern Harbour City,Six Cities,18250
2016,1,Transport,Other,Pipelines,"1,800.80",Wingecarribee,South East and Tablelands,Regional,18350
2016,1,Transport,Other,Pipelines,"1,204.90",Wollondilly,Western Parkland City,Six Cities,18400
2016,1,Transport,Other,Pipelines,384,Wollongong,Illawarra-Shoalhaven City,Six Cities,18450
2016,1,Transport,Other,Pipelines,,Woollahra,Eastern Harbour City,Six Cities,18500
2016,1,Transport,Other,Pipelines,423.7,Yass Valley,South East and Tablelands,Regional,18710
2017,1,Transport,Other,Pipelines,432,Albury,Riverina Murray,Regional,10050
2017,1,Transport,Other,Pipelines,,Armidale Regional,New England North West,Regional,10130
2017,1,Transport,Other,Pipelines,,Ballina,North Coast,Regional,10250
2017,1,Transport,Other,Pipelines,,Balranald,Far West,Regional,10300
2017,1,Transport,Other,Pipelines,734.3,Bathurst Regional,Central West and Orana,Regional,10470
2017,1,Transport,Other,Pipelines,43.2,Bayside,Eastern Harbour City,Six Cities,10500
2017,1,Transport,Other,Pipelines,,Bega Valley,South East and Tablelands,Regional,10550
2017,1,Transport,Other,Pipelines,,Bellingen,North Coast,Regional,10600
2017,1,Transport,Other,Pipelines,475.2,Berrigan,Riverina Murray,Regional,10650
2017,1,Transport,Other,Pipelines,288,Blacktown,Central River City,Six Cities,10750
2017,1,Transport,Other,Pipelines,"1,151.90",Bland,Riverina Murray,Regional,10800
2017,1,Transport,Other,Pipelines,820.7,Blayney,Central West and Orana,Regional,10850
2017,1,Transport,Other,Pipelines,,Blue Mountains,Western Parkland City,Six Cities,10900
2017,1,Transport,Other,Pipelines,,Bogan,Central West and Orana,Regional,10950
2017,1,Transport,Other,Pipelines,,Bourke,Far West,Regional,11150
2017,1,Transport,Other,Pipelines,,Brewarrina,Far West,Regional,11200
2017,1,Transport,Other,Pipelines,,Broken Hill,Far West,Regional,11250
2017,1,Transport,Other,Pipelines,,Burwood,Eastern Harbour City,Six Cities,11300
2017,1,Transport,Other,Pipelines,,Byron,North Coast,Regional,11350
2017,1,Transport,Other,Pipelines,,Cabonne,Central West and Orana,Regional,11400
2017,1,Transport,Other,Pipelines,230.4,Camden,Western Parkland City,Six Cities,11450
2017,1,Transport,Other,Pipelines,489.6,Campbelltown,Western Parkland City,Six Cities,11500
2017,1,Transport,Other,Pipelines,,Canada Bay,Eastern Harbour City,Six Cities,11520
2017,1,Transport,Other,Pipelines,129.6,Canterbury-Bankstown,Central River City,Six Cities,11570
2017,1,Transport,Other,Pipelines,,Carrathool,Riverina Murray,Regional,11600
2017,1,Transport,Other,Pipelines,"1,497.50",Central Coast,Central Coast City,Six Cities,11650
2017,1,Transport,Other,Pipelines,"3,628.50",Central Darling,Far West,Regional,11700
2017,1,Transport,Other,Pipelines,,Cessnock,Lower Hunter and Greater Newcastle City,Six Cities,11720
2017,1,Transport,Other,Pipelines,,Clarence Valley,North Coast,Regional,11730
2017,1,Transport,Other,Pipelines,"9,157.60",Cobar,Far West,Regional,11750
2017,1,Transport,Other,Pipelines,,Coffs Harbour,North Coast,Regional,11800
2017,1,Transport,Other,Pipelines,734.3,Coolamon,Riverina Murray,Regional,12000
2017,1,Transport,Other,Pipelines,,Coonamble,Central West and Orana,Regional,12150
2017,1,Transport,Other,Pipelines,878.3,Cootamundra-Gundagai Regional,Riverina Murray,Regional,12160
2017,1,Transport,Other,Pipelines,734.3,Cowra,Central West and Orana,Regional,12350
2017,1,Transport,Other,Pipelines,158.4,Cumberland,Central River City,Six Cities,12380
2017,1,Transport,Other,Pipelines,"1,195.10",Dubbo Regional,Central West and Orana,Regional,12390
2017,1,Transport,Other,Pipelines,,Dungog,Upper Hunter,Regional,12700
2017,1,Transport,Other,Pipelines,,Edward River,Riverina Murray,Regional,12730
2017,1,Transport,Other,Pipelines,,Eurobodalla,South East and Tablelands,Regional,12750
2017,1,Transport,Other,Pipelines,57.6,Fairfield,Western Parkland City,Six Cities,12850
2017,1,Transport,Other,Pipelines,,Federation,Riverina Murray,Regional,12870
2017,1,Transport,Other,Pipelines,"1,180.70",Forbes,Central West and Orana,Regional,12900
2017,1,Transport,Other,Pipelines,,Georges River,Central River City,Six Cities,12930
2017,1,Transport,Other,Pipelines,,Gilgandra,Central West and Orana,Regional,12950
2017,1,Transport,Other,Pipelines,,Glen Innes Severn,New England North West,Regional,13010
2017,1,Transport,Other,Pipelines,"2,015.80",Goulburn Mulwaree,South East and Tablelands,Regional,13310
2017,1,Transport,Other,Pipelines,115.2,Greater Hume Shire,Riverina Murray,Regional,13340
2017,1,Transport,Other,Pipelines,172.8,Griffith,Riverina Murray,Regional,13450
2017,1,Transport,Other,Pipelines,403.2,Gunnedah,New England North West,Regional,13550
2017,1,Transport,Other,Pipelines,,Gwydir,New England North West,Regional,13660
2017,1,Transport,Other,Pipelines,,Hawkesbury,Western Parkland City,Six Cities,13800
2017,1,Transport,Other,Pipelines,,Hay,Riverina Murray,Regional,13850
2017,1,Transport,Other,Pipelines,"5,370.70",Hilltops,South East and Tablelands,Regional,13910
2017,1,Transport,Other,Pipelines,302.4,Hornsby,Eastern Harbour City,Six Cities,14000
2017,1,Transport,Other,Pipelines,,Hunters Hill,Eastern Harbour City,Six Cities,14100
2017,1,Transport,Other,Pipelines,,Inner West,Eastern Harbour City,Six Cities,14170
2017,1,Transport,Other,Pipelines,,Inverell,New England North West,Regional,14200
2017,1,Transport,Other,Pipelines,907.1,Junee,Riverina Murray,Regional,14300
2017,1,Transport,Other,Pipelines,,Kempsey,North Coast,Regional,14350
2017,1,Transport,Other,Pipelines,230.4,Kiama,Illawarra-Shoalhaven City,Six Cities,14400
2017,1,Transport,Other,Pipelines,,Ku-Ring-Gai,Eastern Harbour City,Six Cities,14500
2017,1,Transport,Other,Pipelines,,Kyogle,North Coast,Regional,14550
2017,1,Transport,Other,Pipelines,"2,563.00",Lachlan,Central West and Orana,Regional,14600
2017,1,Transport,Other,Pipelines,777.5,Lake Macquarie,Lower Hunter and Greater Newcastle City,Six Cities,14650
2017,1,Transport,Other,Pipelines,,Lane Cove,Eastern Harbour City,Six Cities,14700
2017,1,Transport,Other,Pipelines,619.1,Leeton,Riverina Murray,Regional,14750
2017,1,Transport,Other,Pipelines,,Lismore,North Coast,Regional,14850
2017,1,Transport,Other,Pipelines,302.4,Lithgow,Central West and Orana,Regional,14870
2017,1,Transport,Other,Pipelines,115.2,Liverpool,Western Parkland City,Six Cities,14900
2017,1,Transport,Other,Pipelines,"1,022.30",Liverpool Plains,New England North West,Regional,14920
2017,1,Transport,Other,Pipelines,460.8,Lockhart,Riverina Murray,Regional,14950
2017,1,Transport,Other,Pipelines,,Maitland,Lower Hunter and Greater Newcastle City,Six Cities,15050
2017,1,Transport,Other,Pipelines,,Mid-Coast,Upper Hunter,Regional,15240
2017,1,Transport,Other,Pipelines,,Mid-Western Regional,Central West and Orana,Regional,15270
2017,1,Transport,Other,Pipelines,,Moree Plains,New England North West,Regional,15300
2017,1,Transport,Other,Pipelines,,Mosman,Eastern Harbour City,Six Cities,15350
2017,1,Transport,Other,Pipelines,,Murray River,Riverina Murray,Regional,15520
2017,1,Transport,Other,Pipelines,,Murrumbidgee,Riverina Murray,Regional,15560
2017,1,Transport,Other,Pipelines,,Muswellbrook,Upper Hunter,Regional,15650
2017,1,Transport,Other,Pipelines,,Nambucca,North Coast,Regional,15700
2017,1,Transport,Other,Pipelines,,Narrabri,New England North West,Regional,15750
2017,1,Transport,Other,Pipelines,734.3,Narrandera,Riverina Murray,Regional,15800
2017,1,Transport,Other,Pipelines,"1,007.90",Narromine,Central West and Orana,Regional,15850
2017,1,Transport,Other,Pipelines,,Newcastle,Lower Hunter and Greater Newcastle City,Six Cities,15900
2017,1,Transport,Other,Pipelines,43.2,North Sydney,Eastern Harbour City,Six Cities,15950
2017,1,Transport,Other,Pipelines,345.6,Northern Beaches,Eastern Harbour City,Six Cities,15990
2017,1,Transport,Other,Pipelines,86.4,Oberon,Central West and Orana,Regional,16100
2017,1,Transport,Other,Pipelines,216,Orange,Central West and Orana,Regional,16150
2017,1,Transport,Other,Pipelines,993.5,Parkes,Central West and Orana,Regional,16200
2017,1,Transport,Other,Pipelines,,Parramatta,Central River City,Six Cities,16260
2017,1,Transport,Other,Pipelines,72,Penrith,Western Parkland City,Six Cities,16350
2017,1,Transport,Other,Pipelines,,Port Macquarie-Hastings,North Coast,Regional,16380
2017,1,Transport,Other,Pipelines,,Port Stephens,Lower Hunter and Greater Newcastle City,Six Cities,16400
2017,1,Transport,Other,Pipelines,"1,079.90",Queanbeyan-Palerang Regional,South East and Tablelands,Regional,16490
2017,1,Transport,Other,Pipelines,115.2,Randwick,Eastern Harbour City,Six Cities,16550
2017,1,Transport,Other,Pipelines,,Richmond Valley,North Coast,Regional,16610
2017,1,Transport,Other,Pipelines,,Ryde,Eastern Harbour City,Six Cities,16700
2017,1,Transport,Other,Pipelines,144,Shellharbour,Illawarra-Shoalhaven City,Six Cities,16900
2017,1,Transport,Other,Pipelines,"1,108.70",Shoalhaven,Illawarra-Shoalhaven City,Six Cities,16950
2017,1,Transport,Other,Pipelines,,Singleton,Upper Hunter,Regional,17000
2017,1,Transport,Other,Pipelines,"2,678.20",Snowy Monaro Regional,South East and Tablelands,Regional,17040
2017,1,Transport,Other,Pipelines,"1,612.70",Snowy Valleys,Riverina Murray,Regional,17080
2017,1,Transport,Other,Pipelines,,Strathfield,Eastern Harbour City,Six Cities,17100
2017,1,Transport,Other,Pipelines,,Sutherland Shire,Central River City,Six Cities,17150
2017,1,Transport,Other,Pipelines,244.8,Sydney,Eastern Harbour City,Six Cities,17200
2017,1,Transport,Other,Pipelines,403.2,Tamworth Regional,New England North West,Regional,17310
2017,1,Transport,Other,Pipelines,,Temora,Riverina Murray,Regional,17350
2017,1,Transport,Other,Pipelines,,Tenterfield,New England North West,Regional,17400
2017,1,Transport,Other,Pipelines,158.4,The Hills Shire,Central River City,Six Cities,17420
2017,1,Transport,Other,Pipelines,,Tweed,North Coast,Regional,17550
2017,1,Transport,Other,Pipelines,"6,277.90",Unincorporated NSW,Far West,Regional,19399
2017,1,Transport,Other,Pipelines,,Upper Hunter Shire,Upper Hunter,Regional,17620
2017,1,Transport,Other,Pipelines,"2,116.60",Upper Lachlan Shire,South East and Tablelands,Regional,17640
2017,1,Transport,Other,Pipelines,,Uralla,New England North West,Regional,17650
2017,1,Transport,Other,Pipelines,"1,871.80",Wagga Wagga,Riverina Murray,Regional,17750
2017,1,Transport,Other,Pipelines,,Walcha,New England North West,Regional,17850
2017,1,Transport,Other,Pipelines,,Walgett,Far West,Regional,17900
2017,1,Transport,Other,Pipelines,,Warren,Central West and Orana,Regional,17950
2017,1,Transport,Other,Pipelines,"1,353.50",Warrumbungle Shire,Central West and Orana,Regional,18020
2017,1,Transport,Other,Pipelines,,Waverley,Eastern Harbour City,Six Cities,18050
2017,1,Transport,Other,Pipelines,"2,231.80",Weddin,Central West and Orana,Regional,18100
2017,1,Transport,Other,Pipelines,,Wentworth,Far West,Regional,18200
2017,1,Transport,Other,Pipelines,57.6,Willoughby,Eastern Harbour City,Six Cities,18250
2017,1,Transport,Other,Pipelines,"1,958.20",Wingecarribee,South East and Tablelands,Regional,18350
2017,1,Transport,Other,Pipelines,"1,310.30",Wollondilly,Western Parkland City,Six Cities,18400
2017,1,Transport,Other,Pipelines,417.6,Wollongong,Illawarra-Shoalhaven City,Six Cities,18450
2017,1,Transport,Other,Pipelines,,Woollahra,Eastern Harbour City,Six Cities,18500
2017,1,Transport,Other,Pipelines,460.8,Yass Valley,South East and Tablelands,Regional,18710
2018,1,Transport,Other,Pipelines,379.3,Albury,Riverina Murray,Regional,10050
2018,1,Transport,Other,Pipelines,,Armidale Regional,New England North West,Regional,10130
2018,1,Transport,Other,Pipelines,,Ballina,North Coast,Regional,10250
2018,1,Transport,Other,Pipelines,,Balranald,Far West,Regional,10300
2018,1,Transport,Other,Pipelines,644.8,Bathurst Regional,Central West and Orana,Regional,10470
2018,1,Transport,Other,Pipelines,37.9,Bayside,Eastern Harbour City,Six Cities,10500
2018,1,Transport,Other,Pipelines,,Bega Valley,South East and Tablelands,Regional,10550
2018,1,Transport,Other,Pipelines,,Bellingen,North Coast,Regional,10600
2018,1,Transport,Other,Pipelines,417.2,Berrigan,Riverina Murray,Regional,10650
2018,1,Transport,Other,Pipelines,252.9,Blacktown,Central River City,Six Cities,10750
2018,1,Transport,Other,Pipelines,"1,011.40",Bland,Riverina Murray,Regional,10800
2018,1,Transport,Other,Pipelines,720.6,Blayney,Central West and Orana,Regional,10850
2018,1,Transport,Other,Pipelines,,Blue Mountains,Western Parkland City,Six Cities,10900
2018,1,Transport,Other,Pipelines,,Bogan,Central West and Orana,Regional,10950
2018,1,Transport,Other,Pipelines,,Bourke,Far West,Regional,11150
2018,1,Transport,Other,Pipelines,,Brewarrina,Far West,Regional,11200
2018,1,Transport,Other,Pipelines,,Broken Hill,Far West,Regional,11250
2018,1,Transport,Other,Pipelines,,Burwood,Eastern Harbour City,Six Cities,11300
2018,1,Transport,Other,Pipelines,,Byron,North Coast,Regional,11350
2018,1,Transport,Other,Pipelines,,Cabonne,Central West and Orana,Regional,11400
2018,1,Transport,Other,Pipelines,202.3,Camden,Western Parkland City,Six Cities,11450
2018,1,Transport,Other,Pipelines,429.8,Campbelltown,Western Parkland City,Six Cities,11500
2018,1,Transport,Other,Pipelines,,Canada Bay,Eastern Harbour City,Six Cities,11520
2018,1,Transport,Other,Pipelines,113.8,Canterbury-Bankstown,Central River City,Six Cities,11570
2018,1,Transport,Other,Pipelines,,Carrathool,Riverina Murray,Regional,11600
2018,1,Transport,Other,Pipelines,"1,314.80",Central Coast,Central Coast City,Six Cities,11650
2018,1,Transport,Other,Pipelines,"3,185.90",Central Darling,Far West,Regional,11700
2018,1,Transport,Other,Pipelines,,Cessnock,Lower Hunter and Greater Newcastle City,Six Cities,11720
2018,1,Transport,Other,Pipelines,,Clarence Valley,North Coast,Regional,11730
2018,1,Transport,Other,Pipelines,"8,040.70",Cobar,Far West,Regional,11750
2018,1,Transport,Other,Pipelines,,Coffs Harbour,North Coast,Regional,11800
2018,1,Transport,Other,Pipelines,644.8,Coolamon,Riverina Murray,Regional,12000
2018,1,Transport,Other,Pipelines,,Coonamble,Central West and Orana,Regional,12150
2018,1,Transport,Other,Pipelines,771.2,Cootamundra-Gundagai Regional,Riverina Murray,Regional,12160
2018,1,Transport,Other,Pipelines,644.8,Cowra,Central West and Orana,Regional,12350
2018,1,Transport,Other,Pipelines,139.1,Cumberland,Central River City,Six Cities,12380
2018,1,Transport,Other,Pipelines,"1,049.30",Dubbo Regional,Central West and Orana,Regional,12390
2018,1,Transport,Other,Pipelines,,Dungog,Upper Hunter,Regional,12700
2018,1,Transport,Other,Pipelines,,Edward River,Riverina Murray,Regional,12730
2018,1,Transport,Other,Pipelines,,Eurobodalla,South East and Tablelands,Regional,12750
2018,1,Transport,Other,Pipelines,50.6,Fairfield,Western Parkland City,Six Cities,12850
2018,1,Transport,Other,Pipelines,,Federation,Riverina Murray,Regional,12870
2018,1,Transport,Other,Pipelines,"1,036.70",Forbes,Central West and Orana,Regional,12900
2018,1,Transport,Other,Pipelines,,Georges River,Central River City,Six Cities,12930
2018,1,Transport,Other,Pipelines,,Gilgandra,Central West and Orana,Regional,12950
2018,1,Transport,Other,Pipelines,,Glen Innes Severn,New England North West,Regional,13010
2018,1,Transport,Other,Pipelines,"1,770.00",Goulburn Mulwaree,South East and Tablelands,Regional,13310
2018,1,Transport,Other,Pipelines,101.1,Greater Hume Shire,Riverina Murray,Regional,13340
2018,1,Transport,Other,Pipelines,151.7,Griffith,Riverina Murray,Regional,13450
2018,1,Transport,Other,Pipelines,354,Gunnedah,New England North West,Regional,13550
2018,1,Transport,Other,Pipelines,,Gwydir,New England North West,Regional,13660
2018,1,Transport,Other,Pipelines,,Hawkesbury,Western Parkland City,Six Cities,13800
2018,1,Transport,Other,Pipelines,,Hay,Riverina Murray,Regional,13850
2018,1,Transport,Other,Pipelines,"4,715.70",Hilltops,South East and Tablelands,Regional,13910
2018,1,Transport,Other,Pipelines,265.5,Hornsby,Eastern Harbour City,Six Cities,14000
2018,1,Transport,Other,Pipelines,,Hunters Hill,Eastern Harbour City,Six Cities,14100
2018,1,Transport,Other,Pipelines,,Inner West,Eastern Harbour City,Six Cities,14170
2018,1,Transport,Other,Pipelines,,Inverell,New England North West,Regional,14200
2018,1,Transport,Other,Pipelines,796.5,Junee,Riverina Murray,Regional,14300
2018,1,Transport,Other,Pipelines,,Kempsey,North Coast,Regional,14350
2018,1,Transport,Other,Pipelines,202.3,Kiama,Illawarra-Shoalhaven City,Six Cities,14400
2018,1,Transport,Other,Pipelines,,Ku-Ring-Gai,Eastern Harbour City,Six Cities,14500
2018,1,Transport,Other,Pipelines,,Kyogle,North Coast,Regional,14550
2018,1,Transport,Other,Pipelines,"2,250.40",Lachlan,Central West and Orana,Regional,14600
2018,1,Transport,Other,Pipelines,682.7,Lake Macquarie,Lower Hunter and Greater Newcastle City,Six Cities,14650
2018,1,Transport,Other,Pipelines,,Lane Cove,Eastern Harbour City,Six Cities,14700
2018,1,Transport,Other,Pipelines,543.6,Leeton,Riverina Murray,Regional,14750
2018,1,Transport,Other,Pipelines,,Lismore,North Coast,Regional,14850
2018,1,Transport,Other,Pipelines,265.5,Lithgow,Central West and Orana,Regional,14870
2018,1,Transport,Other,Pipelines,101.1,Liverpool,Western Parkland City,Six Cities,14900
2018,1,Transport,Other,Pipelines,897.6,Liverpool Plains,New England North West,Regional,14920
2018,1,Transport,Other,Pipelines,404.6,Lockhart,Riverina Murray,Regional,14950
2018,1,Transport,Other,Pipelines,,Maitland,Lower Hunter and Greater Newcastle City,Six Cities,15050
2018,1,Transport,Other,Pipelines,,Mid-Coast,Upper Hunter,Regional,15240
2018,1,Transport,Other,Pipelines,,Mid-Western Regional,Central West and Orana,Regional,15270
2018,1,Transport,Other,Pipelines,,Moree Plains,New England North West,Regional,15300
2018,1,Transport,Other,Pipelines,,Mosman,Eastern Harbour City,Six Cities,15350
2018,1,Transport,Other,Pipelines,,Murray River,Riverina Murray,Regional,15520
2018,1,Transport,Other,Pipelines,,Murrumbidgee,Riverina Murray,Regional,15560
2018,1,Transport,Other,Pipelines,,Muswellbrook,Upper Hunter,Regional,15650
2018,1,Transport,Other,Pipelines,,Nambucca,North Coast,Regional,15700
2018,1,Transport,Other,Pipelines,,Narrabri,New England North West,Regional,15750
2018,1,Transport,Other,Pipelines,644.8,Narrandera,Riverina Murray,Regional,15800
2018,1,Transport,Other,Pipelines,885,Narromine,Central West and Orana,Regional,15850
2018,1,Transport,Other,Pipelines,,Newcastle,Lower Hunter and Greater Newcastle City,Six Cities,15900
2018,1,Transport,Other,Pipelines,37.9,North Sydney,Eastern Harbour City,Six Cities,15950
2018,1,Transport,Other,Pipelines,303.4,Northern Beaches,Eastern Harbour City,Six Cities,15990
2018,1,Transport,Other,Pipelines,75.9,Oberon,Central West and Orana,Regional,16100
2018,1,Transport,Other,Pipelines,189.6,Orange,Central West and Orana,Regional,16150
2018,1,Transport,Other,Pipelines,872.3,Parkes,Central West and Orana,Regional,16200
2018,1,Transport,Other,Pipelines,,Parramatta,Central River City,Six Cities,16260
2018,1,Transport,Other,Pipelines,63.2,Penrith,Western Parkland City,Six Cities,16350
2018,1,Transport,Other,Pipelines,,Port Macquarie-Hastings,North Coast,Regional,16380
2018,1,Transport,Other,Pipelines,,Port Stephens,Lower Hunter and Greater Newcastle City,Six Cities,16400
2018,1,Transport,Other,Pipelines,948.2,Queanbeyan-Palerang Regional,South East and Tablelands,Regional,16490
2018,1,Transport,Other,Pipelines,101.1,Randwick,Eastern Harbour City,Six Cities,16550
2018,1,Transport,Other,Pipelines,,Richmond Valley,North Coast,Regional,16610
2018,1,Transport,Other,Pipelines,,Ryde,Eastern Harbour City,Six Cities,16700
2018,1,Transport,Other,Pipelines,126.4,Shellharbour,Illawarra-Shoalhaven City,Six Cities,16900
2018,1,Transport,Other,Pipelines,973.5,Shoalhaven,Illawarra-Shoalhaven City,Six Cities,16950
2018,1,Transport,Other,Pipelines,,Singleton,Upper Hunter,Regional,17000
2018,1,Transport,Other,Pipelines,"2,351.50",Snowy Monaro Regional,South East and Tablelands,Regional,17040
2018,1,Transport,Other,Pipelines,"1,416.00",Snowy Valleys,Riverina Murray,Regional,17080
2018,1,Transport,Other,Pipelines,,Strathfield,Eastern Harbour City,Six Cities,17100
2018,1,Transport,Other,Pipelines,,Sutherland Shire,Central River City,Six Cities,17150
2018,1,Transport,Other,Pipelines,214.9,Sydney,Eastern Harbour City,Six Cities,17200
2018,1,Transport,Other,Pipelines,354,Tamworth Regional,New England North West,Regional,17310
2018,1,Transport,Other,Pipelines,,Temora,Riverina Murray,Regional,17350
2018,1,Transport,Other,Pipelines,,Tenterfield,New England North West,Regional,17400
2018,1,Transport,Other,Pipelines,139.1,The Hills Shire,Central River City,Six Cities,17420
2018,1,Transport,Other,Pipelines,,Tweed,North Coast,Regional,17550
2018,1,Transport,Other,Pipelines,"5,512.20",Unincorporated NSW,Far West,Regional,19399
2018,1,Transport,Other,Pipelines,,Upper Hunter Shire,Upper Hunter,Regional,17620
2018,1,Transport,Other,Pipelines,"1,858.50",Upper Lachlan Shire,South East and Tablelands,Regional,17640
2018,1,Transport,Other,Pipelines,,Uralla,New England North West,Regional,17650
2018,1,Transport,Other,Pipelines,"1,643.50",Wagga Wagga,Riverina Murray,Regional,17750
2018,1,Transport,Other,Pipelines,,Walcha,New England North West,Regional,17850
2018,1,Transport,Other,Pipelines,,Walgett,Far West,Regional,17900
2018,1,Transport,Other,Pipelines,,Warren,Central West and Orana,Regional,17950
2018,1,Transport,Other,Pipelines,"1,188.40",Warrumbungle Shire,Central West and Orana,Regional,18020
2018,1,Transport,Other,Pipelines,,Waverley,Eastern Harbour City,Six Cities,18050
2018,1,Transport,Other,Pipelines,"1,959.60",Weddin,Central West and Orana,Regional,18100
2018,1,Transport,Other,Pipelines,,Wentworth,Far West,Regional,18200
2018,1,Transport,Other,Pipelines,50.6,Willoughby,Eastern Harbour City,Six Cities,18250
2018,1,Transport,Other,Pipelines,"1,719.40",Wingecarribee,South East and Tablelands,Regional,18350
2018,1,Transport,Other,Pipelines,"1,150.50",Wollondilly,Western Parkland City,Six Cities,18400
2018,1,Transport,Other,Pipelines,366.6,Wollongong,Illawarra-Shoalhaven City,Six Cities,18450
2018,1,Transport,Other,Pipelines,,Woollahra,Eastern Harbour City,Six Cities,18500
2018,1,Transport,Other,Pipelines,404.6,Yass Valley,South East and Tablelands,Regional,18710
2019,1,Transport,Other,Pipelines,386.7,Albury,Riverina Murray,Regional,10050
2019,1,Transport,Other,Pipelines,,Armidale Regional,New England North West,Regional,10130
2019,1,Transport,Other,Pipelines,,Ballina,North Coast,Regional,10250
2019,1,Transport,Other,Pipelines,,Balranald,Far West,Regional,10300
2019,1,Transport,Other,Pipelines,657.4,Bathurst Regional,Central West and Orana,Regional,10470
2019,1,Transport,Other,Pipelines,38.7,Bayside,Eastern Harbour City,Six Cities,10500
2019,1,Transport,Other,Pipelines,,Bega Valley,South East and Tablelands,Regional,10550
2019,1,Transport,Other,Pipelines,,Bellingen,North Coast,Regional,10600
2019,1,Transport,Other,Pipelines,425.4,Berrigan,Riverina Murray,Regional,10650
2019,1,Transport,Other,Pipelines,257.8,Blacktown,Central River City,Six Cities,10750
2019,1,Transport,Other,Pipelines,"1,031.30",Bland,Riverina Murray,Regional,10800
2019,1,Transport,Other,Pipelines,734.8,Blayney,Central West and Orana,Regional,10850
2019,1,Transport,Other,Pipelines,,Blue Mountains,Western Parkland City,Six Cities,10900
2019,1,Transport,Other,Pipelines,,Bogan,Central West and Orana,Regional,10950
2019,1,Transport,Other,Pipelines,,Bourke,Far West,Regional,11150
2019,1,Transport,Other,Pipelines,,Brewarrina,Far West,Regional,11200
2019,1,Transport,Other,Pipelines,,Broken Hill,Far West,Regional,11250
2019,1,Transport,Other,Pipelines,,Burwood,Eastern Harbour City,Six Cities,11300
2019,1,Transport,Other,Pipelines,,Byron,North Coast,Regional,11350
2019,1,Transport,Other,Pipelines,,Cabonne,Central West and Orana,Regional,11400
2019,1,Transport,Other,Pipelines,206.3,Camden,Western Parkland City,Six Cities,11450
2019,1,Transport,Other,Pipelines,438.3,Campbelltown,Western Parkland City,Six Cities,11500
2019,1,Transport,Other,Pipelines,,Canada Bay,Eastern Harbour City,Six Cities,11520
2019,1,Transport,Other,Pipelines,116,Canterbury-Bankstown,Central River City,Six Cities,11570
2019,1,Transport,Other,Pipelines,,Carrathool,Riverina Murray,Regional,11600
2019,1,Transport,Other,Pipelines,"1,340.70",Central Coast,Central Coast City,Six Cities,11650
2019,1,Transport,Other,Pipelines,"3,248.60",Central Darling,Far West,Regional,11700
2019,1,Transport,Other,Pipelines,,Cessnock,Lower Hunter and Greater Newcastle City,Six Cities,11720
2019,1,Transport,Other,Pipelines,,Clarence Valley,North Coast,Regional,11730
2019,1,Transport,Other,Pipelines,"8,198.70",Cobar,Far West,Regional,11750
2019,1,Transport,Other,Pipelines,,Coffs Harbour,North Coast,Regional,11800
2019,1,Transport,Other,Pipelines,657.4,Coolamon,Riverina Murray,Regional,12000
2019,1,Transport,Other,Pipelines,,Coonamble,Central West and Orana,Regional,12150
2019,1,Transport,Other,Pipelines,786.4,Cootamundra-Gundagai Regional,Riverina Murray,Regional,12160
2019,1,Transport,Other,Pipelines,657.4,Cowra,Central West and Orana,Regional,12350
2019,1,Transport,Other,Pipelines,141.8,Cumberland,Central River City,Six Cities,12380
2019,1,Transport,Other,Pipelines,"1,070.00",Dubbo Regional,Central West and Orana,Regional,12390
2019,1,Transport,Other,Pipelines,,Dungog,Upper Hunter,Regional,12700
2019,1,Transport,Other,Pipelines,,Edward River,Riverina Murray,Regional,12730
2019,1,Transport,Other,Pipelines,,Eurobodalla,South East and Tablelands,Regional,12750
2019,1,Transport,Other,Pipelines,51.6,Fairfield,Western Parkland City,Six Cities,12850
2019,1,Transport,Other,Pipelines,,Federation,Riverina Murray,Regional,12870
2019,1,Transport,Other,Pipelines,"1,057.10",Forbes,Central West and Orana,Regional,12900
2019,1,Transport,Other,Pipelines,,Georges River,Central River City,Six Cities,12930
2019,1,Transport,Other,Pipelines,,Gilgandra,Central West and Orana,Regional,12950
2019,1,Transport,Other,Pipelines,,Glen Innes Severn,New England North West,Regional,13010
2019,1,Transport,Other,Pipelines,"1,804.80",Goulburn Mulwaree,South East and Tablelands,Regional,13310
2019,1,Transport,Other,Pipelines,103.1,Greater Hume Shire,Riverina Murray,Regional,13340
2019,1,Transport,Other,Pipelines,154.7,Griffith,Riverina Murray,Regional,13450
2019,1,Transport,Other,Pipelines,361,Gunnedah,New England North West,Regional,13550
2019,1,Transport,Other,Pipelines,,Gwydir,New England North West,Regional,13660
2019,1,Transport,Other,Pipelines,,Hawkesbury,Western Parkland City,Six Cities,13800
2019,1,Transport,Other,Pipelines,,Hay,Riverina Murray,Regional,13850
2019,1,Transport,Other,Pipelines,"4,808.40",Hilltops,South East and Tablelands,Regional,13910
2019,1,Transport,Other,Pipelines,270.7,Hornsby,Eastern Harbour City,Six Cities,14000
2019,1,Transport,Other,Pipelines,,Hunters Hill,Eastern Harbour City,Six Cities,14100
2019,1,Transport,Other,Pipelines,,Inner West,Eastern Harbour City,Six Cities,14170
2019,1,Transport,Other,Pipelines,,Inverell,New England North West,Regional,14200
2019,1,Transport,Other,Pipelines,812.1,Junee,Riverina Murray,Regional,14300
2019,1,Transport,Other,Pipelines,,Kempsey,North Coast,Regional,14350
2019,1,Transport,Other,Pipelines,206.3,Kiama,Illawarra-Shoalhaven City,Six Cities,14400
2019,1,Transport,Other,Pipelines,,Ku-Ring-Gai,Eastern Harbour City,Six Cities,14500
2019,1,Transport,Other,Pipelines,,Kyogle,North Coast,Regional,14550
2019,1,Transport,Other,Pipelines,"2,294.60",Lachlan,Central West and Orana,Regional,14600
2019,1,Transport,Other,Pipelines,696.1,Lake Macquarie,Lower Hunter and Greater Newcastle City,Six Cities,14650
2019,1,Transport,Other,Pipelines,,Lane Cove,Eastern Harbour City,Six Cities,14700
2019,1,Transport,Other,Pipelines,554.3,Leeton,Riverina Murray,Regional,14750
2019,1,Transport,Other,Pipelines,,Lismore,North Coast,Regional,14850
2019,1,Transport,Other,Pipelines,270.7,Lithgow,Central West and Orana,Regional,14870
2019,1,Transport,Other,Pipelines,103.1,Liverpool,Western Parkland City,Six Cities,14900
2019,1,Transport,Other,Pipelines,915.3,Liverpool Plains,New England North West,Regional,14920
2019,1,Transport,Other,Pipelines,412.5,Lockhart,Riverina Murray,Regional,14950
2019,1,Transport,Other,Pipelines,,Maitland,Lower Hunter and Greater Newcastle City,Six Cities,15050
2019,1,Transport,Other,Pipelines,,Mid-Coast,Upper Hunter,Regional,15240
2019,1,Transport,Other,Pipelines,,Mid-Western Regional,Central West and Orana,Regional,15270
2019,1,Transport,Other,Pipelines,,Moree Plains,New England North West,Regional,15300
2019,1,Transport,Other,Pipelines,,Mosman,Eastern Harbour City,Six Cities,15350
2019,1,Transport,Other,Pipelines,,Murray River,Riverina Murray,Regional,15520
2019,1,Transport,Other,Pipelines,,Murrumbidgee,Riverina Murray,Regional,15560
2019,1,Transport,Other,Pipelines,,Muswellbrook,Upper Hunter,Regional,15650
2019,1,Transport,Other,Pipelines,,Nambucca,North Coast,Regional,15700
2019,1,Transport,Other,Pipelines,,Narrabri,New England North West,Regional,15750
2019,1,Transport,Other,Pipelines,657.4,Narrandera,Riverina Murray,Regional,15800
2019,1,Transport,Other,Pipelines,902.4,Narromine,Central West and Orana,Regional,15850
2019,1,Transport,Other,Pipelines,,Newcastle,Lower Hunter and Greater Newcastle City,Six Cities,15900
2019,1,Transport,Other,Pipelines,38.7,North Sydney,Eastern Harbour City,Six Cities,15950
2019,1,Transport,Other,Pipelines,309.4,Northern Beaches,Eastern Harbour City,Six Cities,15990
2019,1,Transport,Other,Pipelines,77.3,Oberon,Central West and Orana,Regional,16100
2019,1,Transport,Other,Pipelines,193.4,Orange,Central West and Orana,Regional,16150
2019,1,Transport,Other,Pipelines,889.5,Parkes,Central West and Orana,Regional,16200
2019,1,Transport,Other,Pipelines,,Parramatta,Central River City,Six Cities,16260
2019,1,Transport,Other,Pipelines,64.5,Penrith,Western Parkland City,Six Cities,16350
2019,1,Transport,Other,Pipelines,,Port Macquarie-Hastings,North Coast,Regional,16380
2019,1,Transport,Other,Pipelines,,Port Stephens,Lower Hunter and Greater Newcastle City,Six Cities,16400
2019,1,Transport,Other,Pipelines,966.8,Queanbeyan-Palerang Regional,South East and Tablelands,Regional,16490
2019,1,Transport,Other,Pipelines,103.1,Randwick,Eastern Harbour City,Six Cities,16550
2019,1,Transport,Other,Pipelines,,Richmond Valley,North Coast,Regional,16610
2019,1,Transport,Other,Pipelines,,Ryde,Eastern Harbour City,Six Cities,16700
2019,1,Transport,Other,Pipelines,128.9,Shellharbour,Illawarra-Shoalhaven City,Six Cities,16900
2019,1,Transport,Other,Pipelines,992.6,Shoalhaven,Illawarra-Shoalhaven City,Six Cities,16950
2019,1,Transport,Other,Pipelines,,Singleton,Upper Hunter,Regional,17000
2019,1,Transport,Other,Pipelines,"2,397.70",Snowy Monaro Regional,South East and Tablelands,Regional,17040
2019,1,Transport,Other,Pipelines,"1,443.80",Snowy Valleys,Riverina Murray,Regional,17080
2019,1,Transport,Other,Pipelines,,Strathfield,Eastern Harbour City,Six Cities,17100
2019,1,Transport,Other,Pipelines,,Sutherland Shire,Central River City,Six Cities,17150
2019,1,Transport,Other,Pipelines,219.1,Sydney,Eastern Harbour City,Six Cities,17200
2019,1,Transport,Other,Pipelines,361,Tamworth Regional,New England North West,Regional,17310
2019,1,Transport,Other,Pipelines,,Temora,Riverina Murray,Regional,17350
2019,1,Transport,Other,Pipelines,,Tenterfield,New England North West,Regional,17400
2019,1,Transport,Other,Pipelines,141.8,The Hills Shire,Central River City,Six Cities,17420
2019,1,Transport,Other,Pipelines,,Tweed,North Coast,Regional,17550
2019,1,Transport,Other,Pipelines,"5,620.50",Unincorporated NSW,Far West,Regional,19399
2019,1,Transport,Other,Pipelines,,Upper Hunter Shire,Upper Hunter,Regional,17620
2019,1,Transport,Other,Pipelines,"1,895.00",Upper Lachlan Shire,South East and Tablelands,Regional,17640
2019,1,Transport,Other,Pipelines,,Uralla,New England North West,Regional,17650
2019,1,Transport,Other,Pipelines,"1,675.80",Wagga Wagga,Riverina Murray,Regional,17750
2019,1,Transport,Other,Pipelines,,Walcha,New England North West,Regional,17850
2019,1,Transport,Other,Pipelines,,Walgett,Far West,Regional,17900
2019,1,Transport,Other,Pipelines,,Warren,Central West and Orana,Regional,17950
2019,1,Transport,Other,Pipelines,"1,211.80",Warrumbungle Shire,Central West and Orana,Regional,18020
2019,1,Transport,Other,Pipelines,,Waverley,Eastern Harbour City,Six Cities,18050
2019,1,Transport,Other,Pipelines,"1,998.10",Weddin,Central West and Orana,Regional,18100
2019,1,Transport,Other,Pipelines,,Wentworth,Far West,Regional,18200
2019,1,Transport,Other,Pipelines,51.6,Willoughby,Eastern Harbour City,Six Cities,18250
2019,1,Transport,Other,Pipelines,"1,753.20",Wingecarribee,South East and Tablelands,Regional,18350
2019,1,Transport,Other,Pipelines,"1,173.10",Wollondilly,Western Parkland City,Six Cities,18400
2019,1,Transport,Other,Pipelines,373.8,Wollongong,Illawarra-Shoalhaven City,Six Cities,18450
2019,1,Transport,Other,Pipelines,,Woollahra,Eastern Harbour City,Six Cities,18500
2019,1,Transport,Other,Pipelines,412.5,Yass Valley,South East and Tablelands,Regional,18710
2016,1,Transport,Other,Non-Road Recreational Vehicles,,Albury,Riverina Murray,Regional,10050
2016,1,Transport,Other,Non-Road Recreational Vehicles,,Armidale Regional,New England North West,Regional,10130
2016,1,Transport,Other,Non-Road Recreational Vehicles,,Ballina,North Coast,Regional,10250
2016,1,Transport,Other,Non-Road Recreational Vehicles,,Balranald,Far West,Regional,10300
2016,1,Transport,Other,Non-Road Recreational Vehicles,130.8,Bathurst Regional,Central West and Orana,Regional,10470
2016,1,Transport,Other,Non-Road Recreational Vehicles,,Bayside,Eastern Harbour City,Six Cities,10500
2016,1,Transport,Other,Non-Road Recreational Vehicles,207.6,Bega Valley,South East and Tablelands,Regional,10550
2016,1,Transport,Other,Non-Road Recreational Vehicles,,Bellingen,North Coast,Regional,10600
2016,1,Transport,Other,Non-Road Recreational Vehicles,26.3,Berrigan,Riverina Murray,Regional,10650
2016,1,Transport,Other,Non-Road Recreational Vehicles,"1,070.10",Blacktown,Central River City,Six Cities,10750
2016,1,Transport,Other,Non-Road Recreational Vehicles,18.3,Bland,Riverina Murray,Regional,10800
2016,1,Transport,Other,Non-Road Recreational Vehicles,,Blayney,Central West and Orana,Regional,10850
2016,1,Transport,Other,Non-Road Recreational Vehicles,,Blue Mountains,Western Parkland City,Six Cities,10900
2016,1,Transport,Other,Non-Road Recreational Vehicles,,Bogan,Central West and Orana,Regional,10950
2016,1,Transport,Other,Non-Road Recreational Vehicles,,Bourke,Far West,Regional,11150
2016,1,Transport,Other,Non-Road Recreational Vehicles,,Brewarrina,Far West,Regional,11200
2016,1,Transport,Other,Non-Road Recreational Vehicles,110.5,Broken Hill,Far West,Regional,11250
2016,1,Transport,Other,Non-Road Recreational Vehicles,,Burwood,Eastern Harbour City,Six Cities,11300
2016,1,Transport,Other,Non-Road Recreational Vehicles,,Byron,North Coast,Regional,11350
2016,1,Transport,Other,Non-Road Recreational Vehicles,,Cabonne,Central West and Orana,Regional,11400
2016,1,Transport,Other,Non-Road Recreational Vehicles,244.3,Camden,Western Parkland City,Six Cities,11450
2016,1,Transport,Other,Non-Road Recreational Vehicles,,Campbelltown,Western Parkland City,Six Cities,11500
2016,1,Transport,Other,Non-Road Recreational Vehicles,,Canada Bay,Eastern Harbour City,Six Cities,11520
2016,1,Transport,Other,Non-Road Recreational Vehicles,,Canterbury-Bankstown,Central River City,Six Cities,11570
2016,1,Transport,Other,Non-Road Recreational Vehicles,,Carrathool,Riverina Murray,Regional,11600
2016,1,Transport,Other,Non-Road Recreational Vehicles,17.9,Central Coast,Central Coast City,Six Cities,11650
2016,1,Transport,Other,Non-Road Recreational Vehicles,,Central Darling,Far West,Regional,11700
2016,1,Transport,Other,Non-Road Recreational Vehicles,23.6,Cessnock,Lower Hunter and Greater Newcastle City,Six Cities,11720
2016,1,Transport,Other,Non-Road Recreational Vehicles,315,Clarence Valley,North Coast,Regional,11730
2016,1,Transport,Other,Non-Road Recreational Vehicles,14.6,Cobar,Far West,Regional,11750
2016,1,Transport,Other,Non-Road Recreational Vehicles,225.8,Coffs Harbour,North Coast,Regional,11800
2016,1,Transport,Other,Non-Road Recreational Vehicles,,Coolamon,Riverina Murray,Regional,12000
2016,1,Transport,Other,Non-Road Recreational Vehicles,,Coonamble,Central West and Orana,Regional,12150
2016,1,Transport,Other,Non-Road Recreational Vehicles,,Cootamundra-Gundagai Regional,Riverina Murray,Regional,12160
2016,1,Transport,Other,Non-Road Recreational Vehicles,,Cowra,Central West and Orana,Regional,12350
2016,1,Transport,Other,Non-Road Recreational Vehicles,,Cumberland,Central River City,Six Cities,12380
2016,1,Transport,Other,Non-Road Recreational Vehicles,157,Dubbo Regional,Central West and Orana,Regional,12390
2016,1,Transport,Other,Non-Road Recreational Vehicles,27.8,Dungog,Upper Hunter,Regional,12700
2016,1,Transport,Other,Non-Road Recreational Vehicles,,Edward River,Riverina Murray,Regional,12730
2016,1,Transport,Other,Non-Road Recreational Vehicles,,Eurobodalla,South East and Tablelands,Regional,12750
2016,1,Transport,Other,Non-Road Recreational Vehicles,629.7,Fairfield,Western Parkland City,Six Cities,12850
2016,1,Transport,Other,Non-Road Recreational Vehicles,,Federation,Riverina Murray,Regional,12870
2016,1,Transport,Other,Non-Road Recreational Vehicles,31.7,Forbes,Central West and Orana,Regional,12900
2016,1,Transport,Other,Non-Road Recreational Vehicles,,Georges River,Central River City,Six Cities,12930
2016,1,Transport,Other,Non-Road Recreational Vehicles,,Gilgandra,Central West and Orana,Regional,12950
2016,1,Transport,Other,Non-Road Recreational Vehicles,,Glen Innes Severn,New England North West,Regional,13010
2016,1,Transport,Other,Non-Road Recreational Vehicles,175,Goulburn Mulwaree,South East and Tablelands,Regional,13310
2016,1,Transport,Other,Non-Road Recreational Vehicles,32,Greater Hume Shire,Riverina Murray,Regional,13340
2016,1,Transport,Other,Non-Road Recreational Vehicles,80.2,Griffith,Riverina Murray,Regional,13450
2016,1,Transport,Other,Non-Road Recreational Vehicles,38.1,Gunnedah,New England North West,Regional,13550
2016,1,Transport,Other,Non-Road Recreational Vehicles,,Gwydir,New England North West,Regional,13660
2016,1,Transport,Other,Non-Road Recreational Vehicles,,Hawkesbury,Western Parkland City,Six Cities,13800
2016,1,Transport,Other,Non-Road Recreational Vehicles,,Hay,Riverina Murray,Regional,13850
2016,1,Transport,Other,Non-Road Recreational Vehicles,56.4,Hilltops,South East and Tablelands,Regional,13910
2016,1,Transport,Other,Non-Road Recreational Vehicles,441.4,Hornsby,Eastern Harbour City,Six Cities,14000
2016,1,Transport,Other,Non-Road Recreational Vehicles,,Hunters Hill,Eastern Harbour City,Six Cities,14100
2016,1,Transport,Other,Non-Road Recreational Vehicles,,Inner West,Eastern Harbour City,Six Cities,14170
2016,1,Transport,Other,Non-Road Recreational Vehicles,49,Inverell,New England North West,Regional,14200
2016,1,Transport,Other,Non-Road Recreational Vehicles,,Junee,Riverina Murray,Regional,14300
2016,1,Transport,Other,Non-Road Recreational Vehicles,89.9,Kempsey,North Coast,Regional,14350
2016,1,Transport,Other,Non-Road Recreational Vehicles,,Kiama,Illawarra-Shoalhaven City,Six Cities,14400
2016,1,Transport,Other,Non-Road Recreational Vehicles,374.6,Ku-Ring-Gai,Eastern Harbour City,Six Cities,14500
2016,1,Transport,Other,Non-Road Recreational Vehicles,,Kyogle,North Coast,Regional,14550
2016,1,Transport,Other,Non-Road Recreational Vehicles,19.6,Lachlan,Central West and Orana,Regional,14600
2016,1,Transport,Other,Non-Road Recreational Vehicles,615.2,Lake Macquarie,Lower Hunter and Greater Newcastle City,Six Cities,14650
2016,1,Transport,Other,Non-Road Recreational Vehicles,,Lane Cove,Eastern Harbour City,Six Cities,14700
2016,1,Transport,Other,Non-Road Recreational Vehicles,,Leeton,Riverina Murray,Regional,14750
2016,1,Transport,Other,Non-Road Recreational Vehicles,,Lismore,North Coast,Regional,14850
2016,1,Transport,Other,Non-Road Recreational Vehicles,196.5,Lithgow,Central West and Orana,Regional,14870
2016,1,Transport,Other,Non-Road Recreational Vehicles,,Liverpool,Western Parkland City,Six Cities,14900
2016,1,Transport,Other,Non-Road Recreational Vehicles,23.9,Liverpool Plains,New England North West,Regional,14920
2016,1,Transport,Other,Non-Road Recreational Vehicles,,Lockhart,Riverina Murray,Regional,14950
2016,1,Transport,Other,Non-Road Recreational Vehicles,240.9,Maitland,Lower Hunter and Greater Newcastle City,Six Cities,15050
2016,1,Transport,Other,Non-Road Recreational Vehicles,279.6,Mid-Coast,Upper Hunter,Regional,15240
2016,1,Transport,Other,Non-Road Recreational Vehicles,226.8,Mid-Western Regional,Central West and Orana,Regional,15270
2016,1,Transport,Other,Non-Road Recreational Vehicles,38.5,Moree Plains,New England North West,Regional,15300
2016,1,Transport,Other,Non-Road Recreational Vehicles,,Mosman,Eastern Harbour City,Six Cities,15350
2016,1,Transport,Other,Non-Road Recreational Vehicles,,Murray River,Riverina Murray,Regional,15520
2016,1,Transport,Other,Non-Road Recreational Vehicles,,Murrumbidgee,Riverina Murray,Regional,15560
2016,1,Transport,Other,Non-Road Recreational Vehicles,,Muswellbrook,Upper Hunter,Regional,15650
2016,1,Transport,Other,Non-Road Recreational Vehicles,,Nambucca,North Coast,Regional,15700
2016,1,Transport,Other,Non-Road Recreational Vehicles,40.8,Narrabri,New England North West,Regional,15750
2016,1,Transport,Other,Non-Road Recreational Vehicles,,Narrandera,Riverina Murray,Regional,15800
2016,1,Transport,Other,Non-Road Recreational Vehicles,,Narromine,Central West and Orana,Regional,15850
2016,1,Transport,Other,Non-Road Recreational Vehicles,,Newcastle,Lower Hunter and Greater Newcastle City,Six Cities,15900
2016,1,Transport,Other,Non-Road Recreational Vehicles,,North Sydney,Eastern Harbour City,Six Cities,15950
2016,1,Transport,Other,Non-Road Recreational Vehicles,,Northern Beaches,Eastern Harbour City,Six Cities,15990
2016,1,Transport,Other,Non-Road Recreational Vehicles,28.7,Oberon,Central West and Orana,Regional,16100
2016,1,Transport,Other,Non-Road Recreational Vehicles,123.6,Orange,Central West and Orana,Regional,16150
2016,1,Transport,Other,Non-Road Recreational Vehicles,,Parkes,Central West and Orana,Regional,16200
2016,1,Transport,Other,Non-Road Recreational Vehicles,,Parramatta,Central River City,Six Cities,16260
2016,1,Transport,Other,Non-Road Recreational Vehicles,"1,226.40",Penrith,Western Parkland City,Six Cities,16350
2016,1,Transport,Other,Non-Road Recreational Vehicles,244.3,Port Macquarie-Hastings,North Coast,Regional,16380
2016,1,Transport,Other,Non-Road Recreational Vehicles,434.8,Port Stephens,Lower Hunter and Greater Newcastle City,Six Cities,16400
2016,1,Transport,Other,Non-Road Recreational Vehicles,,Queanbeyan-Palerang Regional,South East and Tablelands,Regional,16490
2016,1,Transport,Other,Non-Road Recreational Vehicles,,Randwick,Eastern Harbour City,Six Cities,16550
2016,1,Transport,Other,Non-Road Recreational Vehicles,,Richmond Valley,North Coast,Regional,16610
2016,1,Transport,Other,Non-Road Recreational Vehicles,371.7,Ryde,Eastern Harbour City,Six Cities,16700
2016,1,Transport,Other,Non-Road Recreational Vehicles,,Shellharbour,Illawarra-Shoalhaven City,Six Cities,16900
2016,1,Transport,Other,Non-Road Recreational Vehicles,310.5,Shoalhaven,Illawarra-Shoalhaven City,Six Cities,16950
2016,1,Transport,Other,Non-Road Recreational Vehicles,71.8,Singleton,Upper Hunter,Regional,17000
2016,1,Transport,Other,Non-Road Recreational Vehicles,65.9,Snowy Monaro Regional,South East and Tablelands,Regional,17040
2016,1,Transport,Other,Non-Road Recreational Vehicles,44.7,Snowy Valleys,Riverina Murray,Regional,17080
2016,1,Transport,Other,Non-Road Recreational Vehicles,,Strathfield,Eastern Harbour City,Six Cities,17100
2016,1,Transport,Other,Non-Road Recreational Vehicles,689,Sutherland Shire,Central River City,Six Cities,17150
2016,1,Transport,Other,Non-Road Recreational Vehicles,,Sydney,Eastern Harbour City,Six Cities,17200
2016,1,Transport,Other,Non-Road Recreational Vehicles,185.5,Tamworth Regional,New England North West,Regional,17310
2016,1,Transport,Other,Non-Road Recreational Vehicles,18.9,Temora,Riverina Murray,Regional,17350
2016,1,Transport,Other,Non-Road Recreational Vehicles,,Tenterfield,New England North West,Regional,17400
2016,1,Transport,Other,Non-Road Recreational Vehicles,501.3,The Hills Shire,Central River City,Six Cities,17420
2016,1,Transport,Other,Non-Road Recreational Vehicles,,Tweed,North Coast,Regional,17550
2016,1,Transport,Other,Non-Road Recreational Vehicles,,Unincorporated NSW,Far West,Regional,19399
2016,1,Transport,Other,Non-Road Recreational Vehicles,43.8,Upper Hunter Shire,Upper Hunter,Regional,17620
2016,1,Transport,Other,Non-Road Recreational Vehicles,,Upper Lachlan Shire,South East and Tablelands,Regional,17640
2016,1,Transport,Other,Non-Road Recreational Vehicles,20.5,Uralla,New England North West,Regional,17650
2016,1,Transport,Other,Non-Road Recreational Vehicles,390.2,Wagga Wagga,Riverina Murray,Regional,17750
2016,1,Transport,Other,Non-Road Recreational Vehicles,,Walcha,New England North West,Regional,17850
2016,1,Transport,Other,Non-Road Recreational Vehicles,,Walgett,Far West,Regional,17900
2016,1,Transport,Other,Non-Road Recreational Vehicles,,Warren,Central West and Orana,Regional,17950
2016,1,Transport,Other,Non-Road Recreational Vehicles,57.1,Warrumbungle Shire,Central West and Orana,Regional,18020
2016,1,Transport,Other,Non-Road Recreational Vehicles,,Waverley,Eastern Harbour City,Six Cities,18050
2016,1,Transport,Other,Non-Road Recreational Vehicles,,Weddin,Central West and Orana,Regional,18100
2016,1,Transport,Other,Non-Road Recreational Vehicles,,Wentworth,Far West,Regional,18200
2016,1,Transport,Other,Non-Road Recreational Vehicles,,Willoughby,Eastern Harbour City,Six Cities,18250
2016,1,Transport,Other,Non-Road Recreational Vehicles,149.4,Wingecarribee,South East and Tablelands,Regional,18350
2016,1,Transport,Other,Non-Road Recreational Vehicles,304.7,Wollondilly,Western Parkland City,Six Cities,18400
2016,1,Transport,Other,Non-Road Recreational Vehicles,641.9,Wollongong,Illawarra-Shoalhaven City,Six Cities,18450
2016,1,Transport,Other,Non-Road Recreational Vehicles,,Woollahra,Eastern Harbour City,Six Cities,18500
2016,1,Transport,Other,Non-Road Recreational Vehicles,48.7,Yass Valley,South East and Tablelands,Regional,18710
2017,1,Transport,Other,Non-Road Recreational Vehicles,,Albury,Riverina Murray,Regional,10050
2017,1,Transport,Other,Non-Road Recreational Vehicles,,Armidale Regional,New England North West,Regional,10130
2017,1,Transport,Other,Non-Road Recreational Vehicles,,Ballina,North Coast,Regional,10250
2017,1,Transport,Other,Non-Road Recreational Vehicles,,Balranald,Far West,Regional,10300
2017,1,Transport,Other,Non-Road Recreational Vehicles,133,Bathurst Regional,Central West and Orana,Regional,10470
2017,1,Transport,Other,Non-Road Recreational Vehicles,,Bayside,Eastern Harbour City,Six Cities,10500
2017,1,Transport,Other,Non-Road Recreational Vehicles,209,Bega Valley,South East and Tablelands,Regional,10550
2017,1,Transport,Other,Non-Road Recreational Vehicles,,Bellingen,North Coast,Regional,10600
2017,1,Transport,Other,Non-Road Recreational Vehicles,26.4,Berrigan,Riverina Murray,Regional,10650
2017,1,Transport,Other,Non-Road Recreational Vehicles,"1,118.30",Blacktown,Central River City,Six Cities,10750
2017,1,Transport,Other,Non-Road Recreational Vehicles,18.5,Bland,Riverina Murray,Regional,10800
2017,1,Transport,Other,Non-Road Recreational Vehicles,,Blayney,Central West and Orana,Regional,10850
2017,1,Transport,Other,Non-Road Recreational Vehicles,,Blue Mountains,Western Parkland City,Six Cities,10900
2017,1,Transport,Other,Non-Road Recreational Vehicles,,Bogan,Central West and Orana,Regional,10950
2017,1,Transport,Other,Non-Road Recreational Vehicles,,Bourke,Far West,Regional,11150
2017,1,Transport,Other,Non-Road Recreational Vehicles,,Brewarrina,Far West,Regional,11200
2017,1,Transport,Other,Non-Road Recreational Vehicles,110.3,Broken Hill,Far West,Regional,11250
2017,1,Transport,Other,Non-Road Recreational Vehicles,,Burwood,Eastern Harbour City,Six Cities,11300
2017,1,Transport,Other,Non-Road Recreational Vehicles,,Byron,North Coast,Regional,11350
2017,1,Transport,Other,Non-Road Recreational Vehicles,,Cabonne,Central West and Orana,Regional,11400
2017,1,Transport,Other,Non-Road Recreational Vehicles,275.6,Camden,Western Parkland City,Six Cities,11450
2017,1,Transport,Other,Non-Road Recreational Vehicles,,Campbelltown,Western Parkland City,Six Cities,11500
2017,1,Transport,Other,Non-Road Recreational Vehicles,,Canada Bay,Eastern Harbour City,Six Cities,11520
2017,1,Transport,Other,Non-Road Recreational Vehicles,,Canterbury-Bankstown,Central River City,Six Cities,11570
2017,1,Transport,Other,Non-Road Recreational Vehicles,,Carrathool,Riverina Murray,Regional,11600
2017,1,Transport,Other,Non-Road Recreational Vehicles,18.1,Central Coast,Central Coast City,Six Cities,11650
2017,1,Transport,Other,Non-Road Recreational Vehicles,,Central Darling,Far West,Regional,11700
2017,1,Transport,Other,Non-Road Recreational Vehicles,23.6,Cessnock,Lower Hunter and Greater Newcastle City,Six Cities,11720
2017,1,Transport,Other,Non-Road Recreational Vehicles,318,Clarence Valley,North Coast,Regional,11730
2017,1,Transport,Other,Non-Road Recreational Vehicles,14.7,Cobar,Far West,Regional,11750
2017,1,Transport,Other,Non-Road Recreational Vehicles,230.1,Coffs Harbour,North Coast,Regional,11800
2017,1,Transport,Other,Non-Road Recreational Vehicles,,Coolamon,Riverina Murray,Regional,12000
2017,1,Transport,Other,Non-Road Recreational Vehicles,,Coonamble,Central West and Orana,Regional,12150
2017,1,Transport,Other,Non-Road Recreational Vehicles,,Cootamundra-Gundagai Regional,Riverina Murray,Regional,12160
2017,1,Transport,Other,Non-Road Recreational Vehicles,,Cowra,Central West and Orana,Regional,12350
2017,1,Transport,Other,Non-Road Recreational Vehicles,,Cumberland,Central River City,Six Cities,12380
2017,1,Transport,Other,Non-Road Recreational Vehicles,159.5,Dubbo Regional,Central West and Orana,Regional,12390
2017,1,Transport,Other,Non-Road Recreational Vehicles,28,Dungog,Upper Hunter,Regional,12700
2017,1,Transport,Other,Non-Road Recreational Vehicles,,Edward River,Riverina Murray,Regional,12730
2017,1,Transport,Other,Non-Road Recreational Vehicles,,Eurobodalla,South East and Tablelands,Regional,12750
2017,1,Transport,Other,Non-Road Recreational Vehicles,636.8,Fairfield,Western Parkland City,Six Cities,12850
2017,1,Transport,Other,Non-Road Recreational Vehicles,,Federation,Riverina Murray,Regional,12870
2017,1,Transport,Other,Non-Road Recreational Vehicles,32,Forbes,Central West and Orana,Regional,12900
2017,1,Transport,Other,Non-Road Recreational Vehicles,,Georges River,Central River City,Six Cities,12930
2017,1,Transport,Other,Non-Road Recreational Vehicles,,Gilgandra,Central West and Orana,Regional,12950
2017,1,Transport,Other,Non-Road Recreational Vehicles,,Glen Innes Severn,New England North West,Regional,13010
2017,1,Transport,Other,Non-Road Recreational Vehicles,177.1,Goulburn Mulwaree,South East and Tablelands,Regional,13310
2017,1,Transport,Other,Non-Road Recreational Vehicles,32.4,Greater Hume Shire,Riverina Murray,Regional,13340
2017,1,Transport,Other,Non-Road Recreational Vehicles,81.2,Griffith,Riverina Murray,Regional,13450
2017,1,Transport,Other,Non-Road Recreational Vehicles,38.4,Gunnedah,New England North West,Regional,13550
2017,1,Transport,Other,Non-Road Recreational Vehicles,,Gwydir,New England North West,Regional,13660
2017,1,Transport,Other,Non-Road Recreational Vehicles,,Hawkesbury,Western Parkland City,Six Cities,13800
2017,1,Transport,Other,Non-Road Recreational Vehicles,,Hay,Riverina Murray,Regional,13850
2017,1,Transport,Other,Non-Road Recreational Vehicles,56.7,Hilltops,South East and Tablelands,Regional,13910
2017,1,Transport,Other,Non-Road Recreational Vehicles,450.2,Hornsby,Eastern Harbour City,Six Cities,14000
2017,1,Transport,Other,Non-Road Recreational Vehicles,,Hunters Hill,Eastern Harbour City,Six Cities,14100
2017,1,Transport,Other,Non-Road Recreational Vehicles,,Inner West,Eastern Harbour City,Six Cities,14170
2017,1,Transport,Other,Non-Road Recreational Vehicles,49.4,Inverell,New England North West,Regional,14200
2017,1,Transport,Other,Non-Road Recreational Vehicles,,Junee,Riverina Murray,Regional,14300
2017,1,Transport,Other,Non-Road Recreational Vehicles,90.5,Kempsey,North Coast,Regional,14350
2017,1,Transport,Other,Non-Road Recreational Vehicles,,Kiama,Illawarra-Shoalhaven City,Six Cities,14400
2017,1,Transport,Other,Non-Road Recreational Vehicles,383.5,Ku-Ring-Gai,Eastern Harbour City,Six Cities,14500
2017,1,Transport,Other,Non-Road Recreational Vehicles,,Kyogle,North Coast,Regional,14550
2017,1,Transport,Other,Non-Road Recreational Vehicles,19.7,Lachlan,Central West and Orana,Regional,14600
2017,1,Transport,Other,Non-Road Recreational Vehicles,624.4,Lake Macquarie,Lower Hunter and Greater Newcastle City,Six Cities,14650
2017,1,Transport,Other,Non-Road Recreational Vehicles,,Lane Cove,Eastern Harbour City,Six Cities,14700
2017,1,Transport,Other,Non-Road Recreational Vehicles,,Leeton,Riverina Murray,Regional,14750
2017,1,Transport,Other,Non-Road Recreational Vehicles,,Lismore,North Coast,Regional,14850
2017,1,Transport,Other,Non-Road Recreational Vehicles,198.1,Lithgow,Central West and Orana,Regional,14870
2017,1,Transport,Other,Non-Road Recreational Vehicles,,Liverpool,Western Parkland City,Six Cities,14900
2017,1,Transport,Other,Non-Road Recreational Vehicles,24,Liverpool Plains,New England North West,Regional,14920
2017,1,Transport,Other,Non-Road Recreational Vehicles,,Lockhart,Riverina Murray,Regional,14950
2017,1,Transport,Other,Non-Road Recreational Vehicles,246.2,Maitland,Lower Hunter and Greater Newcastle City,Six Cities,15050
2017,1,Transport,Other,Non-Road Recreational Vehicles,283.5,Mid-Coast,Upper Hunter,Regional,15240
2017,1,Transport,Other,Non-Road Recreational Vehicles,229.4,Mid-Western Regional,Central West and Orana,Regional,15270
2017,1,Transport,Other,Non-Road Recreational Vehicles,38.6,Moree Plains,New England North West,Regional,15300
2017,1,Transport,Other,Non-Road Recreational Vehicles,,Mosman,Eastern Harbour City,Six Cities,15350
2017,1,Transport,Other,Non-Road Recreational Vehicles,,Murray River,Riverina Murray,Regional,15520
2017,1,Transport,Other,Non-Road Recreational Vehicles,,Murrumbidgee,Riverina Murray,Regional,15560
2017,1,Transport,Other,Non-Road Recreational Vehicles,,Muswellbrook,Upper Hunter,Regional,15650
2017,1,Transport,Other,Non-Road Recreational Vehicles,,Nambucca,North Coast,Regional,15700
2017,1,Transport,Other,Non-Road Recreational Vehicles,41,Narrabri,New England North West,Regional,15750
2017,1,Transport,Other,Non-Road Recreational Vehicles,,Narrandera,Riverina Murray,Regional,15800
2017,1,Transport,Other,Non-Road Recreational Vehicles,,Narromine,Central West and Orana,Regional,15850
2017,1,Transport,Other,Non-Road Recreational Vehicles,,Newcastle,Lower Hunter and Greater Newcastle City,Six Cities,15900
2017,1,Transport,Other,Non-Road Recreational Vehicles,,North Sydney,Eastern Harbour City,Six Cities,15950
2017,1,Transport,Other,Non-Road Recreational Vehicles,,Northern Beaches,Eastern Harbour City,Six Cities,15990
2017,1,Transport,Other,Non-Road Recreational Vehicles,28.9,Oberon,Central West and Orana,Regional,16100
2017,1,Transport,Other,Non-Road Recreational Vehicles,126,Orange,Central West and Orana,Regional,16150
2017,1,Transport,Other,Non-Road Recreational Vehicles,,Parkes,Central West and Orana,Regional,16200
2017,1,Transport,Other,Non-Road Recreational Vehicles,,Parramatta,Central River City,Six Cities,16260
2017,1,Transport,Other,Non-Road Recreational Vehicles,"1,270.10",Penrith,Western Parkland City,Six Cities,16350
2017,1,Transport,Other,Non-Road Recreational Vehicles,249,Port Macquarie-Hastings,North Coast,Regional,16380
2017,1,Transport,Other,Non-Road Recreational Vehicles,439.8,Port Stephens,Lower Hunter and Greater Newcastle City,Six Cities,16400
2017,1,Transport,Other,Non-Road Recreational Vehicles,,Queanbeyan-Palerang Regional,South East and Tablelands,Regional,16490
2017,1,Transport,Other,Non-Road Recreational Vehicles,,Randwick,Eastern Harbour City,Six Cities,16550
2017,1,Transport,Other,Non-Road Recreational Vehicles,,Richmond Valley,North Coast,Regional,16610
2017,1,Transport,Other,Non-Road Recreational Vehicles,390.6,Ryde,Eastern Harbour City,Six Cities,16700
2017,1,Transport,Other,Non-Road Recreational Vehicles,,Shellharbour,Illawarra-Shoalhaven City,Six Cities,16900
2017,1,Transport,Other,Non-Road Recreational Vehicles,315.6,Shoalhaven,Illawarra-Shoalhaven City,Six Cities,16950
2017,1,Transport,Other,Non-Road Recreational Vehicles,72.5,Singleton,Upper Hunter,Regional,17000
2017,1,Transport,Other,Non-Road Recreational Vehicles,66.2,Snowy Monaro Regional,South East and Tablelands,Regional,17040
2017,1,Transport,Other,Non-Road Recreational Vehicles,44.8,Snowy Valleys,Riverina Murray,Regional,17080
2017,1,Transport,Other,Non-Road Recreational Vehicles,,Strathfield,Eastern Harbour City,Six Cities,17100
2017,1,Transport,Other,Non-Road Recreational Vehicles,701.7,Sutherland Shire,Central River City,Six Cities,17150
2017,1,Transport,Other,Non-Road Recreational Vehicles,,Sydney,Eastern Harbour City,Six Cities,17200
2017,1,Transport,Other,Non-Road Recreational Vehicles,188,Tamworth Regional,New England North West,Regional,17310
2017,1,Transport,Other,Non-Road Recreational Vehicles,19,Temora,Riverina Murray,Regional,17350
2017,1,Transport,Other,Non-Road Recreational Vehicles,,Tenterfield,New England North West,Regional,17400
2017,1,Transport,Other,Non-Road Recreational Vehicles,526.1,The Hills Shire,Central River City,Six Cities,17420
2017,1,Transport,Other,Non-Road Recreational Vehicles,,Tweed,North Coast,Regional,17550
2017,1,Transport,Other,Non-Road Recreational Vehicles,,Unincorporated NSW,Far West,Regional,19399
2017,1,Transport,Other,Non-Road Recreational Vehicles,44,Upper Hunter Shire,Upper Hunter,Regional,17620
2017,1,Transport,Other,Non-Road Recreational Vehicles,,Upper Lachlan Shire,South East and Tablelands,Regional,17640
2017,1,Transport,Other,Non-Road Recreational Vehicles,20.6,Uralla,New England North West,Regional,17650
2017,1,Transport,Other,Non-Road Recreational Vehicles,395.6,Wagga Wagga,Riverina Murray,Regional,17750
2017,1,Transport,Other,Non-Road Recreational Vehicles,,Walcha,New England North West,Regional,17850
2017,1,Transport,Other,Non-Road Recreational Vehicles,,Walgett,Far West,Regional,17900
2017,1,Transport,Other,Non-Road Recreational Vehicles,,Warren,Central West and Orana,Regional,17950
2017,1,Transport,Other,Non-Road Recreational Vehicles,57.1,Warrumbungle Shire,Central West and Orana,Regional,18020
2017,1,Transport,Other,Non-Road Recreational Vehicles,,Waverley,Eastern Harbour City,Six Cities,18050
2017,1,Transport,Other,Non-Road Recreational Vehicles,,Weddin,Central West and Orana,Regional,18100
2017,1,Transport,Other,Non-Road Recreational Vehicles,,Wentworth,Far West,Regional,18200
2017,1,Transport,Other,Non-Road Recreational Vehicles,,Willoughby,Eastern Harbour City,Six Cities,18250
2017,1,Transport,Other,Non-Road Recreational Vehicles,151.1,Wingecarribee,South East and Tablelands,Regional,18350
2017,1,Transport,Other,Non-Road Recreational Vehicles,312.2,Wollondilly,Western Parkland City,Six Cities,18400
2017,1,Transport,Other,Non-Road Recreational Vehicles,654.1,Wollongong,Illawarra-Shoalhaven City,Six Cities,18450
2017,1,Transport,Other,Non-Road Recreational Vehicles,,Woollahra,Eastern Harbour City,Six Cities,18500
2017,1,Transport,Other,Non-Road Recreational Vehicles,49.2,Yass Valley,South East and Tablelands,Regional,18710
2018,1,Transport,Other,Non-Road Recreational Vehicles,,Albury,Riverina Murray,Regional,10050
2018,1,Transport,Other,Non-Road Recreational Vehicles,,Armidale Regional,New England North West,Regional,10130
2018,1,Transport,Other,Non-Road Recreational Vehicles,,Ballina,North Coast,Regional,10250
2018,1,Transport,Other,Non-Road Recreational Vehicles,,Balranald,Far West,Regional,10300
2018,1,Transport,Other,Non-Road Recreational Vehicles,132,Bathurst Regional,Central West and Orana,Regional,10470
2018,1,Transport,Other,Non-Road Recreational Vehicles,,Bayside,Eastern Harbour City,Six Cities,10500
2018,1,Transport,Other,Non-Road Recreational Vehicles,205.4,Bega Valley,South East and Tablelands,Regional,10550
2018,1,Transport,Other,Non-Road Recreational Vehicles,,Bellingen,North Coast,Regional,10600
2018,1,Transport,Other,Non-Road Recreational Vehicles,26,Berrigan,Riverina Murray,Regional,10650
2018,1,Transport,Other,Non-Road Recreational Vehicles,"1,138.70",Blacktown,Central River City,Six Cities,10750
2018,1,Transport,Other,Non-Road Recreational Vehicles,18.2,Bland,Riverina Murray,Regional,10800
2018,1,Transport,Other,Non-Road Recreational Vehicles,,Blayney,Central West and Orana,Regional,10850
2018,1,Transport,Other,Non-Road Recreational Vehicles,,Blue Mountains,Western Parkland City,Six Cities,10900
2018,1,Transport,Other,Non-Road Recreational Vehicles,,Bogan,Central West and Orana,Regional,10950
2018,1,Transport,Other,Non-Road Recreational Vehicles,,Bourke,Far West,Regional,11150
2018,1,Transport,Other,Non-Road Recreational Vehicles,,Brewarrina,Far West,Regional,11200
2018,1,Transport,Other,Non-Road Recreational Vehicles,107.3,Broken Hill,Far West,Regional,11250
2018,1,Transport,Other,Non-Road Recreational Vehicles,,Burwood,Eastern Harbour City,Six Cities,11300
2018,1,Transport,Other,Non-Road Recreational Vehicles,,Byron,North Coast,Regional,11350
2018,1,Transport,Other,Non-Road Recreational Vehicles,,Cabonne,Central West and Orana,Regional,11400
2018,1,Transport,Other,Non-Road Recreational Vehicles,299.9,Camden,Western Parkland City,Six Cities,11450
2018,1,Transport,Other,Non-Road Recreational Vehicles,,Campbelltown,Western Parkland City,Six Cities,11500
2018,1,Transport,Other,Non-Road Recreational Vehicles,,Canada Bay,Eastern Harbour City,Six Cities,11520
2018,1,Transport,Other,Non-Road Recreational Vehicles,,Canterbury-Bankstown,Central River City,Six Cities,11570
2018,1,Transport,Other,Non-Road Recreational Vehicles,,Carrathool,Riverina Murray,Regional,11600
2018,1,Transport,Other,Non-Road Recreational Vehicles,17.7,Central Coast,Central Coast City,Six Cities,11650
2018,1,Transport,Other,Non-Road Recreational Vehicles,,Central Darling,Far West,Regional,11700
2018,1,Transport,Other,Non-Road Recreational Vehicles,23.1,Cessnock,Lower Hunter and Greater Newcastle City,Six Cities,11720
2018,1,Transport,Other,Non-Road Recreational Vehicles,313.4,Clarence Valley,North Coast,Regional,11730
2018,1,Transport,Other,Non-Road Recreational Vehicles,14.4,Cobar,Far West,Regional,11750
2018,1,Transport,Other,Non-Road Recreational Vehicles,228.7,Coffs Harbour,North Coast,Regional,11800
2018,1,Transport,Other,Non-Road Recreational Vehicles,,Coolamon,Riverina Murray,Regional,12000
2018,1,Transport,Other,Non-Road Recreational Vehicles,,Coonamble,Central West and Orana,Regional,12150
2018,1,Transport,Other,Non-Road Recreational Vehicles,,Cootamundra-Gundagai Regional,Riverina Murray,Regional,12160
2018,1,Transport,Other,Non-Road Recreational Vehicles,,Cowra,Central West and Orana,Regional,12350
2018,1,Transport,Other,Non-Road Recreational Vehicles,,Cumberland,Central River City,Six Cities,12380
2018,1,Transport,Other,Non-Road Recreational Vehicles,158.1,Dubbo Regional,Central West and Orana,Regional,12390
2018,1,Transport,Other,Non-Road Recreational Vehicles,27.6,Dungog,Upper Hunter,Regional,12700
2018,1,Transport,Other,Non-Road Recreational Vehicles,,Edward River,Riverina Murray,Regional,12730
2018,1,Transport,Other,Non-Road Recreational Vehicles,,Eurobodalla,South East and Tablelands,Regional,12750
2018,1,Transport,Other,Non-Road Recreational Vehicles,628.3,Fairfield,Western Parkland City,Six Cities,12850
2018,1,Transport,Other,Non-Road Recreational Vehicles,,Federation,Riverina Murray,Regional,12870
2018,1,Transport,Other,Non-Road Recreational Vehicles,31.6,Forbes,Central West and Orana,Regional,12900
2018,1,Transport,Other,Non-Road Recreational Vehicles,,Georges River,Central River City,Six Cities,12930
2018,1,Transport,Other,Non-Road Recreational Vehicles,,Gilgandra,Central West and Orana,Regional,12950
2018,1,Transport,Other,Non-Road Recreational Vehicles,,Glen Innes Severn,New England North West,Regional,13010
2018,1,Transport,Other,Non-Road Recreational Vehicles,174.8,Goulburn Mulwaree,South East and Tablelands,Regional,13310
2018,1,Transport,Other,Non-Road Recreational Vehicles,32,Greater Hume Shire,Riverina Murray,Regional,13340
2018,1,Transport,Other,Non-Road Recreational Vehicles,80.2,Griffith,Riverina Murray,Regional,13450
2018,1,Transport,Other,Non-Road Recreational Vehicles,37.8,Gunnedah,New England North West,Regional,13550
2018,1,Transport,Other,Non-Road Recreational Vehicles,,Gwydir,New England North West,Regional,13660
2018,1,Transport,Other,Non-Road Recreational Vehicles,,Hawkesbury,Western Parkland City,Six Cities,13800
2018,1,Transport,Other,Non-Road Recreational Vehicles,,Hay,Riverina Murray,Regional,13850
2018,1,Transport,Other,Non-Road Recreational Vehicles,55.5,Hilltops,South East and Tablelands,Regional,13910
2018,1,Transport,Other,Non-Road Recreational Vehicles,447.9,Hornsby,Eastern Harbour City,Six Cities,14000
2018,1,Transport,Other,Non-Road Recreational Vehicles,,Hunters Hill,Eastern Harbour City,Six Cities,14100
2018,1,Transport,Other,Non-Road Recreational Vehicles,,Inner West,Eastern Harbour City,Six Cities,14170
2018,1,Transport,Other,Non-Road Recreational Vehicles,48.6,Inverell,New England North West,Regional,14200
2018,1,Transport,Other,Non-Road Recreational Vehicles,,Junee,Riverina Murray,Regional,14300
2018,1,Transport,Other,Non-Road Recreational Vehicles,89,Kempsey,North Coast,Regional,14350
2018,1,Transport,Other,Non-Road Recreational Vehicles,,Kiama,Illawarra-Shoalhaven City,Six Cities,14400
2018,1,Transport,Other,Non-Road Recreational Vehicles,383,Ku-Ring-Gai,Eastern Harbour City,Six Cities,14500
2018,1,Transport,Other,Non-Road Recreational Vehicles,,Kyogle,North Coast,Regional,14550
2018,1,Transport,Other,Non-Road Recreational Vehicles,19.3,Lachlan,Central West and Orana,Regional,14600
2018,1,Transport,Other,Non-Road Recreational Vehicles,618.1,Lake Macquarie,Lower Hunter and Greater Newcastle City,Six Cities,14650
2018,1,Transport,Other,Non-Road Recreational Vehicles,,Lane Cove,Eastern Harbour City,Six Cities,14700
2018,1,Transport,Other,Non-Road Recreational Vehicles,,Leeton,Riverina Murray,Regional,14750
2018,1,Transport,Other,Non-Road Recreational Vehicles,,Lismore,North Coast,Regional,14850
2018,1,Transport,Other,Non-Road Recreational Vehicles,194.8,Lithgow,Central West and Orana,Regional,14870
2018,1,Transport,Other,Non-Road Recreational Vehicles,,Liverpool,Western Parkland City,Six Cities,14900
2018,1,Transport,Other,Non-Road Recreational Vehicles,23.5,Liverpool Plains,New England North West,Regional,14920
2018,1,Transport,Other,Non-Road Recreational Vehicles,,Lockhart,Riverina Murray,Regional,14950
2018,1,Transport,Other,Non-Road Recreational Vehicles,245.5,Maitland,Lower Hunter and Greater Newcastle City,Six Cities,15050
2018,1,Transport,Other,Non-Road Recreational Vehicles,280.5,Mid-Coast,Upper Hunter,Regional,15240
2018,1,Transport,Other,Non-Road Recreational Vehicles,226.4,Mid-Western Regional,Central West and Orana,Regional,15270
2018,1,Transport,Other,Non-Road Recreational Vehicles,37.7,Moree Plains,New England North West,Regional,15300
2018,1,Transport,Other,Non-Road Recreational Vehicles,,Mosman,Eastern Harbour City,Six Cities,15350
2018,1,Transport,Other,Non-Road Recreational Vehicles,,Murray River,Riverina Murray,Regional,15520
2018,1,Transport,Other,Non-Road Recreational Vehicles,,Murrumbidgee,Riverina Murray,Regional,15560
2018,1,Transport,Other,Non-Road Recreational Vehicles,,Muswellbrook,Upper Hunter,Regional,15650
2018,1,Transport,Other,Non-Road Recreational Vehicles,,Nambucca,North Coast,Regional,15700
2018,1,Transport,Other,Non-Road Recreational Vehicles,40.3,Narrabri,New England North West,Regional,15750
2018,1,Transport,Other,Non-Road Recreational Vehicles,,Narrandera,Riverina Murray,Regional,15800
2018,1,Transport,Other,Non-Road Recreational Vehicles,,Narromine,Central West and Orana,Regional,15850
2018,1,Transport,Other,Non-Road Recreational Vehicles,,Newcastle,Lower Hunter and Greater Newcastle City,Six Cities,15900
2018,1,Transport,Other,Non-Road Recreational Vehicles,,North Sydney,Eastern Harbour City,Six Cities,15950
2018,1,Transport,Other,Non-Road Recreational Vehicles,,Northern Beaches,Eastern Harbour City,Six Cities,15990
2018,1,Transport,Other,Non-Road Recreational Vehicles,28.5,Oberon,Central West and Orana,Regional,16100
2018,1,Transport,Other,Non-Road Recreational Vehicles,125.4,Orange,Central West and Orana,Regional,16150
2018,1,Transport,Other,Non-Road Recreational Vehicles,,Parkes,Central West and Orana,Regional,16200
2018,1,Transport,Other,Non-Road Recreational Vehicles,,Parramatta,Central River City,Six Cities,16260
2018,1,Transport,Other,Non-Road Recreational Vehicles,"1,282.40",Penrith,Western Parkland City,Six Cities,16350
2018,1,Transport,Other,Non-Road Recreational Vehicles,247.6,Port Macquarie-Hastings,North Coast,Regional,16380
2018,1,Transport,Other,Non-Road Recreational Vehicles,434,Port Stephens,Lower Hunter and Greater Newcastle City,Six Cities,16400
2018,1,Transport,Other,Non-Road Recreational Vehicles,,Queanbeyan-Palerang Regional,South East and Tablelands,Regional,16490
2018,1,Transport,Other,Non-Road Recreational Vehicles,,Randwick,Eastern Harbour City,Six Cities,16550
2018,1,Transport,Other,Non-Road Recreational Vehicles,,Richmond Valley,North Coast,Regional,16610
2018,1,Transport,Other,Non-Road Recreational Vehicles,399.7,Ryde,Eastern Harbour City,Six Cities,16700
2018,1,Transport,Other,Non-Road Recreational Vehicles,,Shellharbour,Illawarra-Shoalhaven City,Six Cities,16900
2018,1,Transport,Other,Non-Road Recreational Vehicles,313,Shoalhaven,Illawarra-Shoalhaven City,Six Cities,16950
2018,1,Transport,Other,Non-Road Recreational Vehicles,71.5,Singleton,Upper Hunter,Regional,17000
2018,1,Transport,Other,Non-Road Recreational Vehicles,64.8,Snowy Monaro Regional,South East and Tablelands,Regional,17040
2018,1,Transport,Other,Non-Road Recreational Vehicles,43.9,Snowy Valleys,Riverina Murray,Regional,17080
2018,1,Transport,Other,Non-Road Recreational Vehicles,,Strathfield,Eastern Harbour City,Six Cities,17100
2018,1,Transport,Other,Non-Road Recreational Vehicles,697.2,Sutherland Shire,Central River City,Six Cities,17150
2018,1,Transport,Other,Non-Road Recreational Vehicles,,Sydney,Eastern Harbour City,Six Cities,17200
2018,1,Transport,Other,Non-Road Recreational Vehicles,185.8,Tamworth Regional,New England North West,Regional,17310
2018,1,Transport,Other,Non-Road Recreational Vehicles,18.7,Temora,Riverina Murray,Regional,17350
2018,1,Transport,Other,Non-Road Recreational Vehicles,,Tenterfield,New England North West,Regional,17400
2018,1,Transport,Other,Non-Road Recreational Vehicles,537.8,The Hills Shire,Central River City,Six Cities,17420
2018,1,Transport,Other,Non-Road Recreational Vehicles,,Tweed,North Coast,Regional,17550
2018,1,Transport,Other,Non-Road Recreational Vehicles,,Unincorporated NSW,Far West,Regional,19399
2018,1,Transport,Other,Non-Road Recreational Vehicles,43.1,Upper Hunter Shire,Upper Hunter,Regional,17620
2018,1,Transport,Other,Non-Road Recreational Vehicles,,Upper Lachlan Shire,South East and Tablelands,Regional,17640
2018,1,Transport,Other,Non-Road Recreational Vehicles,20.2,Uralla,New England North West,Regional,17650
2018,1,Transport,Other,Non-Road Recreational Vehicles,391.3,Wagga Wagga,Riverina Murray,Regional,17750
2018,1,Transport,Other,Non-Road Recreational Vehicles,,Walcha,New England North West,Regional,17850
2018,1,Transport,Other,Non-Road Recreational Vehicles,,Walgett,Far West,Regional,17900
2018,1,Transport,Other,Non-Road Recreational Vehicles,,Warren,Central West and Orana,Regional,17950
2018,1,Transport,Other,Non-Road Recreational Vehicles,55.7,Warrumbungle Shire,Central West and Orana,Regional,18020
2018,1,Transport,Other,Non-Road Recreational Vehicles,,Waverley,Eastern Harbour City,Six Cities,18050
2018,1,Transport,Other,Non-Road Recreational Vehicles,,Weddin,Central West and Orana,Regional,18100
2018,1,Transport,Other,Non-Road Recreational Vehicles,,Wentworth,Far West,Regional,18200
2018,1,Transport,Other,Non-Road Recreational Vehicles,,Willoughby,Eastern Harbour City,Six Cities,18250
2018,1,Transport,Other,Non-Road Recreational Vehicles,149.1,Wingecarribee,South East and Tablelands,Regional,18350
2018,1,Transport,Other,Non-Road Recreational Vehicles,311.9,Wollondilly,Western Parkland City,Six Cities,18400
2018,1,Transport,Other,Non-Road Recreational Vehicles,650.1,Wollongong,Illawarra-Shoalhaven City,Six Cities,18450
2018,1,Transport,Other,Non-Road Recreational Vehicles,,Woollahra,Eastern Harbour City,Six Cities,18500
2018,1,Transport,Other,Non-Road Recreational Vehicles,48.5,Yass Valley,South East and Tablelands,Regional,18710
2019,1,Transport,Other,Non-Road Recreational Vehicles,,Albury,Riverina Murray,Regional,10050
2019,1,Transport,Other,Non-Road Recreational Vehicles,,Armidale Regional,New England North West,Regional,10130
2019,1,Transport,Other,Non-Road Recreational Vehicles,,Ballina,North Coast,Regional,10250
2019,1,Transport,Other,Non-Road Recreational Vehicles,,Balranald,Far West,Regional,10300
2019,1,Transport,Other,Non-Road Recreational Vehicles,128.5,Bathurst Regional,Central West and Orana,Regional,10470
2019,1,Transport,Other,Non-Road Recreational Vehicles,,Bayside,Eastern Harbour City,Six Cities,10500
2019,1,Transport,Other,Non-Road Recreational Vehicles,198.1,Bega Valley,South East and Tablelands,Regional,10550
2019,1,Transport,Other,Non-Road Recreational Vehicles,,Bellingen,North Coast,Regional,10600
2019,1,Transport,Other,Non-Road Recreational Vehicles,25,Berrigan,Riverina Murray,Regional,10650
2019,1,Transport,Other,Non-Road Recreational Vehicles,"1,136.80",Blacktown,Central River City,Six Cities,10750
2019,1,Transport,Other,Non-Road Recreational Vehicles,17.7,Bland,Riverina Murray,Regional,10800
2019,1,Transport,Other,Non-Road Recreational Vehicles,,Blayney,Central West and Orana,Regional,10850
2019,1,Transport,Other,Non-Road Recreational Vehicles,,Blue Mountains,Western Parkland City,Six Cities,10900
2019,1,Transport,Other,Non-Road Recreational Vehicles,,Bogan,Central West and Orana,Regional,10950
2019,1,Transport,Other,Non-Road Recreational Vehicles,,Bourke,Far West,Regional,11150
2019,1,Transport,Other,Non-Road Recreational Vehicles,,Brewarrina,Far West,Regional,11200
2019,1,Transport,Other,Non-Road Recreational Vehicles,102.5,Broken Hill,Far West,Regional,11250
2019,1,Transport,Other,Non-Road Recreational Vehicles,,Burwood,Eastern Harbour City,Six Cities,11300
2019,1,Transport,Other,Non-Road Recreational Vehicles,,Byron,North Coast,Regional,11350
2019,1,Transport,Other,Non-Road Recreational Vehicles,,Cabonne,Central West and Orana,Regional,11400
2019,1,Transport,Other,Non-Road Recreational Vehicles,317.4,Camden,Western Parkland City,Six Cities,11450
2019,1,Transport,Other,Non-Road Recreational Vehicles,,Campbelltown,Western Parkland City,Six Cities,11500
2019,1,Transport,Other,Non-Road Recreational Vehicles,,Canada Bay,Eastern Harbour City,Six Cities,11520
2019,1,Transport,Other,Non-Road Recreational Vehicles,,Canterbury-Bankstown,Central River City,Six Cities,11570
2019,1,Transport,Other,Non-Road Recreational Vehicles,,Carrathool,Riverina Murray,Regional,11600
2019,1,Transport,Other,Non-Road Recreational Vehicles,17.1,Central Coast,Central Coast City,Six Cities,11650
2019,1,Transport,Other,Non-Road Recreational Vehicles,,Central Darling,Far West,Regional,11700
2019,1,Transport,Other,Non-Road Recreational Vehicles,22.2,Cessnock,Lower Hunter and Greater Newcastle City,Six Cities,11720
2019,1,Transport,Other,Non-Road Recreational Vehicles,303,Clarence Valley,North Coast,Regional,11730
2019,1,Transport,Other,Non-Road Recreational Vehicles,13.9,Cobar,Far West,Regional,11750
2019,1,Transport,Other,Non-Road Recreational Vehicles,223.2,Coffs Harbour,North Coast,Regional,11800
2019,1,Transport,Other,Non-Road Recreational Vehicles,,Coolamon,Riverina Murray,Regional,12000
2019,1,Transport,Other,Non-Road Recreational Vehicles,,Coonamble,Central West and Orana,Regional,12150
2019,1,Transport,Other,Non-Road Recreational Vehicles,,Cootamundra-Gundagai Regional,Riverina Murray,Regional,12160
2019,1,Transport,Other,Non-Road Recreational Vehicles,,Cowra,Central West and Orana,Regional,12350
2019,1,Transport,Other,Non-Road Recreational Vehicles,,Cumberland,Central River City,Six Cities,12380
2019,1,Transport,Other,Non-Road Recreational Vehicles,153.8,Dubbo Regional,Central West and Orana,Regional,12390
2019,1,Transport,Other,Non-Road Recreational Vehicles,26.7,Dungog,Upper Hunter,Regional,12700
2019,1,Transport,Other,Non-Road Recreational Vehicles,,Edward River,Riverina Murray,Regional,12730
2019,1,Transport,Other,Non-Road Recreational Vehicles,,Eurobodalla,South East and Tablelands,Regional,12750
2019,1,Transport,Other,Non-Road Recreational Vehicles,608.5,Fairfield,Western Parkland City,Six Cities,12850
2019,1,Transport,Other,Non-Road Recreational Vehicles,,Federation,Riverina Murray,Regional,12870
2019,1,Transport,Other,Non-Road Recreational Vehicles,30.5,Forbes,Central West and Orana,Regional,12900
2019,1,Transport,Other,Non-Road Recreational Vehicles,,Georges River,Central River City,Six Cities,12930
2019,1,Transport,Other,Non-Road Recreational Vehicles,,Gilgandra,Central West and Orana,Regional,12950
2019,1,Transport,Other,Non-Road Recreational Vehicles,,Glen Innes Severn,New England North West,Regional,13010
2019,1,Transport,Other,Non-Road Recreational Vehicles,169.4,Goulburn Mulwaree,South East and Tablelands,Regional,13310
2019,1,Transport,Other,Non-Road Recreational Vehicles,31,Greater Hume Shire,Riverina Murray,Regional,13340
2019,1,Transport,Other,Non-Road Recreational Vehicles,77.7,Griffith,Riverina Murray,Regional,13450
2019,1,Transport,Other,Non-Road Recreational Vehicles,36.6,Gunnedah,New England North West,Regional,13550
2019,1,Transport,Other,Non-Road Recreational Vehicles,,Gwydir,New England North West,Regional,13660
2019,1,Transport,Other,Non-Road Recreational Vehicles,,Hawkesbury,Western Parkland City,Six Cities,13800
2019,1,Transport,Other,Non-Road Recreational Vehicles,,Hay,Riverina Murray,Regional,13850
2019,1,Transport,Other,Non-Road Recreational Vehicles,53.4,Hilltops,South East and Tablelands,Regional,13910
2019,1,Transport,Other,Non-Road Recreational Vehicles,437.3,Hornsby,Eastern Harbour City,Six Cities,14000
2019,1,Transport,Other,Non-Road Recreational Vehicles,,Hunters Hill,Eastern Harbour City,Six Cities,14100
2019,1,Transport,Other,Non-Road Recreational Vehicles,,Inner West,Eastern Harbour City,Six Cities,14170
2019,1,Transport,Other,Non-Road Recreational Vehicles,46.9,Inverell,New England North West,Regional,14200
2019,1,Transport,Other,Non-Road Recreational Vehicles,,Junee,Riverina Murray,Regional,14300
2019,1,Transport,Other,Non-Road Recreational Vehicles,85.8,Kempsey,North Coast,Regional,14350
2019,1,Transport,Other,Non-Road Recreational Vehicles,,Kiama,Illawarra-Shoalhaven City,Six Cities,14400
2019,1,Transport,Other,Non-Road Recreational Vehicles,375.3,Ku-Ring-Gai,Eastern Harbour City,Six Cities,14500
2019,1,Transport,Other,Non-Road Recreational Vehicles,,Kyogle,North Coast,Regional,14550
2019,1,Transport,Other,Non-Road Recreational Vehicles,18.6,Lachlan,Central West and Orana,Regional,14600
2019,1,Transport,Other,Non-Road Recreational Vehicles,600.7,Lake Macquarie,Lower Hunter and Greater Newcastle City,Six Cities,14650
2019,1,Transport,Other,Non-Road Recreational Vehicles,,Lane Cove,Eastern Harbour City,Six Cities,14700
2019,1,Transport,Other,Non-Road Recreational Vehicles,,Leeton,Riverina Murray,Regional,14750
2019,1,Transport,Other,Non-Road Recreational Vehicles,,Lismore,North Coast,Regional,14850
2019,1,Transport,Other,Non-Road Recreational Vehicles,188.1,Lithgow,Central West and Orana,Regional,14870
2019,1,Transport,Other,Non-Road Recreational Vehicles,,Liverpool,Western Parkland City,Six Cities,14900
2019,1,Transport,Other,Non-Road Recreational Vehicles,22.5,Liverpool Plains,New England North West,Regional,14920
2019,1,Transport,Other,Non-Road Recreational Vehicles,,Lockhart,Riverina Murray,Regional,14950
2019,1,Transport,Other,Non-Road Recreational Vehicles,240.3,Maitland,Lower Hunter and Greater Newcastle City,Six Cities,15050
2019,1,Transport,Other,Non-Road Recreational Vehicles,272.3,Mid-Coast,Upper Hunter,Regional,15240
2019,1,Transport,Other,Non-Road Recreational Vehicles,219.3,Mid-Western Regional,Central West and Orana,Regional,15270
2019,1,Transport,Other,Non-Road Recreational Vehicles,36.2,Moree Plains,New England North West,Regional,15300
2019,1,Transport,Other,Non-Road Recreational Vehicles,,Mosman,Eastern Harbour City,Six Cities,15350
2019,1,Transport,Other,Non-Road Recreational Vehicles,,Murray River,Riverina Murray,Regional,15520
2019,1,Transport,Other,Non-Road Recreational Vehicles,,Murrumbidgee,Riverina Murray,Regional,15560
2019,1,Transport,Other,Non-Road Recreational Vehicles,,Muswellbrook,Upper Hunter,Regional,15650
2019,1,Transport,Other,Non-Road Recreational Vehicles,,Nambucca,North Coast,Regional,15700
2019,1,Transport,Other,Non-Road Recreational Vehicles,38.8,Narrabri,New England North West,Regional,15750
2019,1,Transport,Other,Non-Road Recreational Vehicles,,Narrandera,Riverina Murray,Regional,15800
2019,1,Transport,Other,Non-Road Recreational Vehicles,,Narromine,Central West and Orana,Regional,15850
2019,1,Transport,Other,Non-Road Recreational Vehicles,,Newcastle,Lower Hunter and Greater Newcastle City,Six Cities,15900
2019,1,Transport,Other,Non-Road Recreational Vehicles,,North Sydney,Eastern Harbour City,Six Cities,15950
2019,1,Transport,Other,Non-Road Recreational Vehicles,,Northern Beaches,Eastern Harbour City,Six Cities,15990
2019,1,Transport,Other,Non-Road Recreational Vehicles,27.5,Oberon,Central West and Orana,Regional,16100
2019,1,Transport,Other,Non-Road Recreational Vehicles,122.4,Orange,Central West and Orana,Regional,16150
2019,1,Transport,Other,Non-Road Recreational Vehicles,,Parkes,Central West and Orana,Regional,16200
2019,1,Transport,Other,Non-Road Recreational Vehicles,,Parramatta,Central River City,Six Cities,16260
2019,1,Transport,Other,Non-Road Recreational Vehicles,"1,269.90",Penrith,Western Parkland City,Six Cities,16350
2019,1,Transport,Other,Non-Road Recreational Vehicles,241.6,Port Macquarie-Hastings,North Coast,Regional,16380
2019,1,Transport,Other,Non-Road Recreational Vehicles,420.4,Port Stephens,Lower Hunter and Greater Newcastle City,Six Cities,16400
2019,1,Transport,Other,Non-Road Recreational Vehicles,,Queanbeyan-Palerang Regional,South East and Tablelands,Regional,16490
2019,1,Transport,Other,Non-Road Recreational Vehicles,,Randwick,Eastern Harbour City,Six Cities,16550
2019,1,Transport,Other,Non-Road Recreational Vehicles,,Richmond Valley,North Coast,Regional,16610
2019,1,Transport,Other,Non-Road Recreational Vehicles,400.8,Ryde,Eastern Harbour City,Six Cities,16700
2019,1,Transport,Other,Non-Road Recreational Vehicles,,Shellharbour,Illawarra-Shoalhaven City,Six Cities,16900
2019,1,Transport,Other,Non-Road Recreational Vehicles,304.6,Shoalhaven,Illawarra-Shoalhaven City,Six Cities,16950
2019,1,Transport,Other,Non-Road Recreational Vehicles,69.1,Singleton,Upper Hunter,Regional,17000
2019,1,Transport,Other,Non-Road Recreational Vehicles,62.4,Snowy Monaro Regional,South East and Tablelands,Regional,17040
2019,1,Transport,Other,Non-Road Recreational Vehicles,42.2,Snowy Valleys,Riverina Murray,Regional,17080
2019,1,Transport,Other,Non-Road Recreational Vehicles,,Strathfield,Eastern Harbour City,Six Cities,17100
2019,1,Transport,Other,Non-Road Recreational Vehicles,679.8,Sutherland Shire,Central River City,Six Cities,17150
2019,1,Transport,Other,Non-Road Recreational Vehicles,,Sydney,Eastern Harbour City,Six Cities,17200
2019,1,Transport,Other,Non-Road Recreational Vehicles,180.3,Tamworth Regional,New England North West,Regional,17310
2019,1,Transport,Other,Non-Road Recreational Vehicles,18,Temora,Riverina Murray,Regional,17350
2019,1,Transport,Other,Non-Road Recreational Vehicles,,Tenterfield,New England North West,Regional,17400
2019,1,Transport,Other,Non-Road Recreational Vehicles,538.8,The Hills Shire,Central River City,Six Cities,17420
2019,1,Transport,Other,Non-Road Recreational Vehicles,,Tweed,North Coast,Regional,17550
2019,1,Transport,Other,Non-Road Recreational Vehicles,,Unincorporated NSW,Far West,Regional,19399
2019,1,Transport,Other,Non-Road Recreational Vehicles,41.5,Upper Hunter Shire,Upper Hunter,Regional,17620
2019,1,Transport,Other,Non-Road Recreational Vehicles,,Upper Lachlan Shire,South East and Tablelands,Regional,17640
2019,1,Transport,Other,Non-Road Recreational Vehicles,19.5,Uralla,New England North West,Regional,17650
2019,1,Transport,Other,Non-Road Recreational Vehicles,379.9,Wagga Wagga,Riverina Murray,Regional,17750
2019,1,Transport,Other,Non-Road Recreational Vehicles,,Walcha,New England North West,Regional,17850
2019,1,Transport,Other,Non-Road Recreational Vehicles,,Walgett,Far West,Regional,17900
2019,1,Transport,Other,Non-Road Recreational Vehicles,,Warren,Central West and Orana,Regional,17950
2019,1,Transport,Other,Non-Road Recreational Vehicles,53.4,Warrumbungle Shire,Central West and Orana,Regional,18020
2019,1,Transport,Other,Non-Road Recreational Vehicles,,Waverley,Eastern Harbour City,Six Cities,18050
2019,1,Transport,Other,Non-Road Recreational Vehicles,,Weddin,Central West and Orana,Regional,18100
2019,1,Transport,Other,Non-Road Recreational Vehicles,,Wentworth,Far West,Regional,18200
2019,1,Transport,Other,Non-Road Recreational Vehicles,,Willoughby,Eastern Harbour City,Six Cities,18250
2019,1,Transport,Other,Non-Road Recreational Vehicles,144.5,Wingecarribee,South East and Tablelands,Regional,18350
2019,1,Transport,Other,Non-Road Recreational Vehicles,305.9,Wollondilly,Western Parkland City,Six Cities,18400
2019,1,Transport,Other,Non-Road Recreational Vehicles,634.2,Wollongong,Illawarra-Shoalhaven City,Six Cities,18450
2019,1,Transport,Other,Non-Road Recreational Vehicles,,Woollahra,Eastern Harbour City,Six Cities,18500
2019,1,Transport,Other,Non-Road Recreational Vehicles,46.9,Yass Valley,South East and Tablelands,Regional,18710
2016,1,Transport,Navigation (Domestic),Navigation (Domestic),"2,254.10",Albury,Riverina Murray,Regional,10050
2016,1,Transport,Navigation (Domestic),Navigation (Domestic),833.4,Armidale Regional,New England North West,Regional,10130
2016,1,Transport,Navigation (Domestic),Navigation (Domestic),"2,222.30",Ballina,North Coast,Regional,10250
2016,1,Transport,Navigation (Domestic),Navigation (Domestic),167.5,Balranald,Far West,Regional,10300
2016,1,Transport,Navigation (Domestic),Navigation (Domestic),"1,313.70",Bathurst Regional,Central West and Orana,Regional,10470
2016,1,Transport,Navigation (Domestic),Navigation (Domestic),"13,011.80",Bayside,Eastern Harbour City,Six Cities,10500
2016,1,Transport,Navigation (Domestic),Navigation (Domestic),"2,535.10",Bega Valley,South East and Tablelands,Regional,10550
2016,1,Transport,Navigation (Domestic),Navigation (Domestic),852.4,Bellingen,North Coast,Regional,10600
2016,1,Transport,Navigation (Domestic),Navigation (Domestic),365.8,Berrigan,Riverina Murray,Regional,10650
2016,1,Transport,Navigation (Domestic),Navigation (Domestic),"4,699.00",Blacktown,Central River City,Six Cities,10750
2016,1,Transport,Navigation (Domestic),Navigation (Domestic),394.4,Bland,Riverina Murray,Regional,10800
2016,1,Transport,Navigation (Domestic),Navigation (Domestic),435.8,Blayney,Central West and Orana,Regional,10850
2016,1,Transport,Navigation (Domestic),Navigation (Domestic),"1,232.00",Blue Mountains,Western Parkland City,Six Cities,10900
2016,1,Transport,Navigation (Domestic),Navigation (Domestic),124,Bogan,Central West and Orana,Regional,10950
2016,1,Transport,Navigation (Domestic),Navigation (Domestic),70,Bourke,Far West,Regional,11150
2016,1,Transport,Navigation (Domestic),Navigation (Domestic),19.1,Brewarrina,Far West,Regional,11200
2016,1,Transport,Navigation (Domestic),Navigation (Domestic),662.7,Broken Hill,Far West,Regional,11250
2016,1,Transport,Navigation (Domestic),Navigation (Domestic),255.5,Burwood,Eastern Harbour City,Six Cities,11300
2016,1,Transport,Navigation (Domestic),Navigation (Domestic),"1,184.30",Byron,North Coast,Regional,11350
2016,1,Transport,Navigation (Domestic),Navigation (Domestic),586.3,Cabonne,Central West and Orana,Regional,11400
2016,1,Transport,Navigation (Domestic),Navigation (Domestic),"3,059.90",Camden,Western Parkland City,Six Cities,11450
2016,1,Transport,Navigation (Domestic),Navigation (Domestic),"2,494.80",Campbelltown,Western Parkland City,Six Cities,11500
2016,1,Transport,Navigation (Domestic),Navigation (Domestic),"3,678.90",Canada Bay,Eastern Harbour City,Six Cities,11520
2016,1,Transport,Navigation (Domestic),Navigation (Domestic),"5,140.10",Canterbury-Bankstown,Central River City,Six Cities,11570
2016,1,Transport,Navigation (Domestic),Navigation (Domestic),100.7,Carrathool,Riverina Murray,Regional,11600
2016,1,Transport,Navigation (Domestic),Navigation (Domestic),"15,722.50",Central Coast,Central Coast City,Six Cities,11650
2016,1,Transport,Navigation (Domestic),Navigation (Domestic),71,Central Darling,Far West,Regional,11700
2016,1,Transport,Navigation (Domestic),Navigation (Domestic),"2,617.80",Cessnock,Lower Hunter and Greater Newcastle City,Six Cities,11720
2016,1,Transport,Navigation (Domestic),Navigation (Domestic),"9,066.20",Clarence Valley,North Coast,Regional,11730
2016,1,Transport,Navigation (Domestic),Navigation (Domestic),151.6,Cobar,Far West,Regional,11750
2016,1,Transport,Navigation (Domestic),Navigation (Domestic),"3,231.60",Coffs Harbour,North Coast,Regional,11800
2016,1,Transport,Navigation (Domestic),Navigation (Domestic),277.8,Coolamon,Riverina Murray,Regional,12000
2016,1,Transport,Navigation (Domestic),Navigation (Domestic),159,Coonamble,Central West and Orana,Regional,12150
2016,1,Transport,Navigation (Domestic),Navigation (Domestic),864.1,Cootamundra-Gundagai Regional,Riverina Murray,Regional,12160
2016,1,Transport,Navigation (Domestic),Navigation (Domestic),715.7,Cowra,Central West and Orana,Regional,12350
2016,1,Transport,Navigation (Domestic),Navigation (Domestic),"2,336.80",Cumberland,Central River City,Six Cities,12380
2016,1,Transport,Navigation (Domestic),Navigation (Domestic),"2,246.70",Dubbo Regional,Central West and Orana,Regional,12390
2016,1,Transport,Navigation (Domestic),Navigation (Domestic),348.8,Dungog,Upper Hunter,Regional,12700
2016,1,Transport,Navigation (Domestic),Navigation (Domestic),"1,112.20",Edward River,Riverina Murray,Regional,12730
2016,1,Transport,Navigation (Domestic),Navigation (Domestic),"3,871.00",Eurobodalla,South East and Tablelands,Regional,12750
2016,1,Transport,Navigation (Domestic),Navigation (Domestic),"2,090.80",Fairfield,Western Parkland City,Six Cities,12850
2016,1,Transport,Navigation (Domestic),Navigation (Domestic),"1,049.60",Federation,Riverina Murray,Regional,12870
2016,1,Transport,Navigation (Domestic),Navigation (Domestic),531.2,Forbes,Central West and Orana,Regional,12900
2016,1,Transport,Navigation (Domestic),Navigation (Domestic),"2,879.60",Georges River,Central River City,Six Cities,12930
2016,1,Transport,Navigation (Domestic),Navigation (Domestic),165.4,Gilgandra,Central West and Orana,Regional,12950
2016,1,Transport,Navigation (Domestic),Navigation (Domestic),466.5,Glen Innes Severn,New England North West,Regional,13010
2016,1,Transport,Navigation (Domestic),Navigation (Domestic),"1,083.60",Goulburn Mulwaree,South East and Tablelands,Regional,13310
2016,1,Transport,Navigation (Domestic),Navigation (Domestic),926.7,Greater Hume Shire,Riverina Murray,Regional,13340
2016,1,Transport,Navigation (Domestic),Navigation (Domestic),910.8,Griffith,Riverina Murray,Regional,13450
2016,1,Transport,Navigation (Domestic),Navigation (Domestic),782.5,Gunnedah,New England North West,Regional,13550
2016,1,Transport,Navigation (Domestic),Navigation (Domestic),236.4,Gwydir,New England North West,Regional,13660
2016,1,Transport,Navigation (Domestic),Navigation (Domestic),"4,679.90",Hawkesbury,Western Parkland City,Six Cities,13800
2016,1,Transport,Navigation (Domestic),Navigation (Domestic),310.7,Hay,Riverina Murray,Regional,13850
2016,1,Transport,Navigation (Domestic),Navigation (Domestic),"1,101.60",Hilltops,South East and Tablelands,Regional,13910
2016,1,Transport,Navigation (Domestic),Navigation (Domestic),"3,429.90",Hornsby,Eastern Harbour City,Six Cities,14000
2016,1,Transport,Navigation (Domestic),Navigation (Domestic),"2,750.10",Hunters Hill,Eastern Harbour City,Six Cities,14100
2016,1,Transport,Navigation (Domestic),Navigation (Domestic),"8,137.70",Inner West,Eastern Harbour City,Six Cities,14170
2016,1,Transport,Navigation (Domestic),Navigation (Domestic),"1,011.50",Inverell,New England North West,Regional,14200
2016,1,Transport,Navigation (Domestic),Navigation (Domestic),293.7,Junee,Riverina Murray,Regional,14300
2016,1,Transport,Navigation (Domestic),Navigation (Domestic),"1,685.80",Kempsey,North Coast,Regional,14350
2016,1,Transport,Navigation (Domestic),Navigation (Domestic),"1,038.00",Kiama,Illawarra-Shoalhaven City,Six Cities,14400
2016,1,Transport,Navigation (Domestic),Navigation (Domestic),"2,254.10",Ku-Ring-Gai,Eastern Harbour City,Six Cities,14500
2016,1,Transport,Navigation (Domestic),Navigation (Domestic),591.6,Kyogle,North Coast,Regional,14550
2016,1,Transport,Navigation (Domestic),Navigation (Domestic),324.4,Lachlan,Central West and Orana,Regional,14600
2016,1,Transport,Navigation (Domestic),Navigation (Domestic),"16,446.60",Lake Macquarie,Lower Hunter and Greater Newcastle City,Six Cities,14650
2016,1,Transport,Navigation (Domestic),Navigation (Domestic),616,Lane Cove,Eastern Harbour City,Six Cities,14700
2016,1,Transport,Navigation (Domestic),Navigation (Domestic),684.9,Leeton,Riverina Murray,Regional,14750
2016,1,Transport,Navigation (Domestic),Navigation (Domestic),"1,524.60",Lismore,North Coast,Regional,14850
2016,1,Transport,Navigation (Domestic),Navigation (Domestic),687,Lithgow,Central West and Orana,Regional,14870
2016,1,Transport,Navigation (Domestic),Navigation (Domestic),"3,260.30",Liverpool,Western Parkland City,Six Cities,14900
2016,1,Transport,Navigation (Domestic),Navigation (Domestic),378.5,Liverpool Plains,New England North West,Regional,14920
2016,1,Transport,Navigation (Domestic),Navigation (Domestic),208.9,Lockhart,Riverina Murray,Regional,14950
2016,1,Transport,Navigation (Domestic),Navigation (Domestic),"4,216.60",Maitland,Lower Hunter and Greater Newcastle City,Six Cities,15050
2016,1,Transport,Navigation (Domestic),Navigation (Domestic),"7,568.10",Mid-Coast,Upper Hunter,Regional,15240
2016,1,Transport,Navigation (Domestic),Navigation (Domestic),"1,091.00",Mid-Western Regional,Central West and Orana,Regional,15270
2016,1,Transport,Navigation (Domestic),Navigation (Domestic),551.3,Moree Plains,New England North West,Regional,15300
2016,1,Transport,Navigation (Domestic),Navigation (Domestic),"1,614.70",Mosman,Eastern Harbour City,Six Cities,15350
2016,1,Transport,Navigation (Domestic),Navigation (Domestic),575.7,Murray River,Riverina Murray,Regional,15520
2016,1,Transport,Navigation (Domestic),Navigation (Domestic),320.2,Murrumbidgee,Riverina Murray,Regional,15560
2016,1,Transport,Navigation (Domestic),Navigation (Domestic),653.1,Muswellbrook,Upper Hunter,Regional,15650
2016,1,Transport,Navigation (Domestic),Navigation (Domestic),"1,262.80",Nambucca,North Coast,Regional,15700
2016,1,Transport,Navigation (Domestic),Navigation (Domestic),733.7,Narrabri,New England North West,Regional,15750
2016,1,Transport,Navigation (Domestic),Navigation (Domestic),365.8,Narrandera,Riverina Murray,Regional,15800
2016,1,Transport,Navigation (Domestic),Navigation (Domestic),389.1,Narromine,Central West and Orana,Regional,15850
2016,1,Transport,Navigation (Domestic),Navigation (Domestic),"45,580.90",Newcastle,Lower Hunter and Greater Newcastle City,Six Cities,15900
2016,1,Transport,Navigation (Domestic),Navigation (Domestic),"5,164.60",North Sydney,Eastern Harbour City,Six Cities,15950
2016,1,Transport,Navigation (Domestic),Navigation (Domestic),"14,237.00",Northern Beaches,Eastern Harbour City,Six Cities,15990
2016,1,Transport,Navigation (Domestic),Navigation (Domestic),144.2,Oberon,Central West and Orana,Regional,16100
2016,1,Transport,Navigation (Domestic),Navigation (Domestic),"1,559.60",Orange,Central West and Orana,Regional,16150
2016,1,Transport,Navigation (Domestic),Navigation (Domestic),739,Parkes,Central West and Orana,Regional,16200
2016,1,Transport,Navigation (Domestic),Navigation (Domestic),"3,975.80",Parramatta,Central River City,Six Cities,16260
2016,1,Transport,Navigation (Domestic),Navigation (Domestic),"4,767.90",Penrith,Western Parkland City,Six Cities,16350
2016,1,Transport,Navigation (Domestic),Navigation (Domestic),"5,487.90",Port Macquarie-Hastings,North Coast,Regional,16380
2016,1,Transport,Navigation (Domestic),Navigation (Domestic),"6,413.50",Port Stephens,Lower Hunter and Greater Newcastle City,Six Cities,16400
2016,1,Transport,Navigation (Domestic),Navigation (Domestic),"1,994.30",Queanbeyan-Palerang Regional,South East and Tablelands,Regional,16490
2016,1,Transport,Navigation (Domestic),Navigation (Domestic),"12,716.00",Randwick,Eastern Harbour City,Six Cities,16550
2016,1,Transport,Navigation (Domestic),Navigation (Domestic),"1,455.70",Richmond Valley,North Coast,Regional,16610
2016,1,Transport,Navigation (Domestic),Navigation (Domestic),"3,730.90",Ryde,Eastern Harbour City,Six Cities,16700
2016,1,Transport,Navigation (Domestic),Navigation (Domestic),"3,233.80",Shellharbour,Illawarra-Shoalhaven City,Six Cities,16900
2016,1,Transport,Navigation (Domestic),Navigation (Domestic),"9,039.70",Shoalhaven,Illawarra-Shoalhaven City,Six Cities,16950
2016,1,Transport,Navigation (Domestic),Navigation (Domestic),"1,115.40",Singleton,Upper Hunter,Regional,17000
2016,1,Transport,Navigation (Domestic),Navigation (Domestic),"1,221.40",Snowy Monaro Regional,South East and Tablelands,Regional,17040
2016,1,Transport,Navigation (Domestic),Navigation (Domestic),"1,138.70",Snowy Valleys,Riverina Murray,Regional,17080
2016,1,Transport,Navigation (Domestic),Navigation (Domestic),284.1,Strathfield,Eastern Harbour City,Six Cities,17100
2016,1,Transport,Navigation (Domestic),Navigation (Domestic),"13,077.00",Sutherland Shire,Central River City,Six Cities,17150
2016,1,Transport,Navigation (Domestic),Navigation (Domestic),"96,754.80",Sydney,Eastern Harbour City,Six Cities,17200
2016,1,Transport,Navigation (Domestic),Navigation (Domestic),"2,493.70",Tamworth Regional,New England North West,Regional,17310
2016,1,Transport,Navigation (Domestic),Navigation (Domestic),471.8,Temora,Riverina Murray,Regional,17350
2016,1,Transport,Navigation (Domestic),Navigation (Domestic),150.6,Tenterfield,New England North West,Regional,17400
2016,1,Transport,Navigation (Domestic),Navigation (Domestic),"3,786.20",The Hills Shire,Central River City,Six Cities,17420
2016,1,Transport,Navigation (Domestic),Navigation (Domestic),"3,605.90",Tweed,North Coast,Regional,17550
2016,1,Transport,Navigation (Domestic),Navigation (Domestic),0,Unincorporated NSW,Far West,Regional,19399
2016,1,Transport,Navigation (Domestic),Navigation (Domestic),757,Upper Hunter Shire,Upper Hunter,Regional,17620
2016,1,Transport,Navigation (Domestic),Navigation (Domestic),422,Upper Lachlan Shire,South East and Tablelands,Regional,17640
2016,1,Transport,Navigation (Domestic),Navigation (Domestic),255.5,Uralla,New England North West,Regional,17650
2016,1,Transport,Navigation (Domestic),Navigation (Domestic),"3,439.50",Wagga Wagga,Riverina Murray,Regional,17750
2016,1,Transport,Navigation (Domestic),Navigation (Domestic),147.4,Walcha,New England North West,Regional,17850
2016,1,Transport,Navigation (Domestic),Navigation (Domestic),202.5,Walgett,Far West,Regional,17900
2016,1,Transport,Navigation (Domestic),Navigation (Domestic),140,Warren,Central West and Orana,Regional,17950
2016,1,Transport,Navigation (Domestic),Navigation (Domestic),399.7,Warrumbungle Shire,Central West and Orana,Regional,18020
2016,1,Transport,Navigation (Domestic),Navigation (Domestic),"1,091.00",Waverley,Eastern Harbour City,Six Cities,18050
2016,1,Transport,Navigation (Domestic),Navigation (Domestic),204.6,Weddin,Central West and Orana,Regional,18100
2016,1,Transport,Navigation (Domestic),Navigation (Domestic),765.5,Wentworth,Far West,Regional,18200
2016,1,Transport,Navigation (Domestic),Navigation (Domestic),876.8,Willoughby,Eastern Harbour City,Six Cities,18250
2016,1,Transport,Navigation (Domestic),Navigation (Domestic),"1,329.60",Wingecarribee,South East and Tablelands,Regional,18350
2016,1,Transport,Navigation (Domestic),Navigation (Domestic),"1,588.30",Wollondilly,Western Parkland City,Six Cities,18400
2016,1,Transport,Navigation (Domestic),Navigation (Domestic),"21,621.50",Wollongong,Illawarra-Shoalhaven City,Six Cities,18450
2016,1,Transport,Navigation (Domestic),Navigation (Domestic),"1,926.70",Woollahra,Eastern Harbour City,Six Cities,18500
2016,1,Transport,Navigation (Domestic),Navigation (Domestic),842.9,Yass Valley,South East and Tablelands,Regional,18710
2017,1,Transport,Navigation (Domestic),Navigation (Domestic),"2,303.70",Albury,Riverina Murray,Regional,10050
2017,1,Transport,Navigation (Domestic),Navigation (Domestic),851.7,Armidale Regional,New England North West,Regional,10130
2017,1,Transport,Navigation (Domestic),Navigation (Domestic),"2,271.20",Ballina,North Coast,Regional,10250
2017,1,Transport,Navigation (Domestic),Navigation (Domestic),171.2,Balranald,Far West,Regional,10300
2017,1,Transport,Navigation (Domestic),Navigation (Domestic),"1,342.60",Bathurst Regional,Central West and Orana,Regional,10470
2017,1,Transport,Navigation (Domestic),Navigation (Domestic),"14,979.80",Bayside,Eastern Harbour City,Six Cities,10500
2017,1,Transport,Navigation (Domestic),Navigation (Domestic),"2,590.90",Bega Valley,South East and Tablelands,Regional,10550
2017,1,Transport,Navigation (Domestic),Navigation (Domestic),871.2,Bellingen,North Coast,Regional,10600
2017,1,Transport,Navigation (Domestic),Navigation (Domestic),373.8,Berrigan,Riverina Murray,Regional,10650
2017,1,Transport,Navigation (Domestic),Navigation (Domestic),"4,802.50",Blacktown,Central River City,Six Cities,10750
2017,1,Transport,Navigation (Domestic),Navigation (Domestic),403.1,Bland,Riverina Murray,Regional,10800
2017,1,Transport,Navigation (Domestic),Navigation (Domestic),445.4,Blayney,Central West and Orana,Regional,10850
2017,1,Transport,Navigation (Domestic),Navigation (Domestic),"1,259.10",Blue Mountains,Western Parkland City,Six Cities,10900
2017,1,Transport,Navigation (Domestic),Navigation (Domestic),126.8,Bogan,Central West and Orana,Regional,10950
2017,1,Transport,Navigation (Domestic),Navigation (Domestic),71.5,Bourke,Far West,Regional,11150
2017,1,Transport,Navigation (Domestic),Navigation (Domestic),19.5,Brewarrina,Far West,Regional,11200
2017,1,Transport,Navigation (Domestic),Navigation (Domestic),677.3,Broken Hill,Far West,Regional,11250
2017,1,Transport,Navigation (Domestic),Navigation (Domestic),261.1,Burwood,Eastern Harbour City,Six Cities,11300
2017,1,Transport,Navigation (Domestic),Navigation (Domestic),"1,210.40",Byron,North Coast,Regional,11350
2017,1,Transport,Navigation (Domestic),Navigation (Domestic),599.2,Cabonne,Central West and Orana,Regional,11400
2017,1,Transport,Navigation (Domestic),Navigation (Domestic),"3,127.30",Camden,Western Parkland City,Six Cities,11450
2017,1,Transport,Navigation (Domestic),Navigation (Domestic),"2,549.70",Campbelltown,Western Parkland City,Six Cities,11500
2017,1,Transport,Navigation (Domestic),Navigation (Domestic),"3,681.00",Canada Bay,Eastern Harbour City,Six Cities,11520
2017,1,Transport,Navigation (Domestic),Navigation (Domestic),"5,253.30",Canterbury-Bankstown,Central River City,Six Cities,11570
2017,1,Transport,Navigation (Domestic),Navigation (Domestic),102.9,Carrathool,Riverina Murray,Regional,11600
2017,1,Transport,Navigation (Domestic),Navigation (Domestic),"16,068.80",Central Coast,Central Coast City,Six Cities,11650
2017,1,Transport,Navigation (Domestic),Navigation (Domestic),72.6,Central Darling,Far West,Regional,11700
2017,1,Transport,Navigation (Domestic),Navigation (Domestic),"2,675.40",Cessnock,Lower Hunter and Greater Newcastle City,Six Cities,11720
2017,1,Transport,Navigation (Domestic),Navigation (Domestic),"9,448.40",Clarence Valley,North Coast,Regional,11730
2017,1,Transport,Navigation (Domestic),Navigation (Domestic),155,Cobar,Far West,Regional,11750
2017,1,Transport,Navigation (Domestic),Navigation (Domestic),"3,302.80",Coffs Harbour,North Coast,Regional,11800
2017,1,Transport,Navigation (Domestic),Navigation (Domestic),283.9,Coolamon,Riverina Murray,Regional,12000
2017,1,Transport,Navigation (Domestic),Navigation (Domestic),162.5,Coonamble,Central West and Orana,Regional,12150
2017,1,Transport,Navigation (Domestic),Navigation (Domestic),883.1,Cootamundra-Gundagai Regional,Riverina Murray,Regional,12160
2017,1,Transport,Navigation (Domestic),Navigation (Domestic),731.4,Cowra,Central West and Orana,Regional,12350
2017,1,Transport,Navigation (Domestic),Navigation (Domestic),"2,388.30",Cumberland,Central River City,Six Cities,12380
2017,1,Transport,Navigation (Domestic),Navigation (Domestic),"2,296.20",Dubbo Regional,Central West and Orana,Regional,12390
2017,1,Transport,Navigation (Domestic),Navigation (Domestic),356.5,Dungog,Upper Hunter,Regional,12700
2017,1,Transport,Navigation (Domestic),Navigation (Domestic),"1,136.70",Edward River,Riverina Murray,Regional,12730
2017,1,Transport,Navigation (Domestic),Navigation (Domestic),"3,956.20",Eurobodalla,South East and Tablelands,Regional,12750
2017,1,Transport,Navigation (Domestic),Navigation (Domestic),"2,136.90",Fairfield,Western Parkland City,Six Cities,12850
2017,1,Transport,Navigation (Domestic),Navigation (Domestic),"1,072.80",Federation,Riverina Murray,Regional,12870
2017,1,Transport,Navigation (Domestic),Navigation (Domestic),542.9,Forbes,Central West and Orana,Regional,12900
2017,1,Transport,Navigation (Domestic),Navigation (Domestic),"2,943.10",Georges River,Central River City,Six Cities,12930
2017,1,Transport,Navigation (Domestic),Navigation (Domestic),169,Gilgandra,Central West and Orana,Regional,12950
2017,1,Transport,Navigation (Domestic),Navigation (Domestic),476.8,Glen Innes Severn,New England North West,Regional,13010
2017,1,Transport,Navigation (Domestic),Navigation (Domestic),"1,107.40",Goulburn Mulwaree,South East and Tablelands,Regional,13310
2017,1,Transport,Navigation (Domestic),Navigation (Domestic),947.1,Greater Hume Shire,Riverina Murray,Regional,13340
2017,1,Transport,Navigation (Domestic),Navigation (Domestic),930.8,Griffith,Riverina Murray,Regional,13450
2017,1,Transport,Navigation (Domestic),Navigation (Domestic),799.7,Gunnedah,New England North West,Regional,13550
2017,1,Transport,Navigation (Domestic),Navigation (Domestic),241.6,Gwydir,New England North West,Regional,13660
2017,1,Transport,Navigation (Domestic),Navigation (Domestic),"4,783.00",Hawkesbury,Western Parkland City,Six Cities,13800
2017,1,Transport,Navigation (Domestic),Navigation (Domestic),317.5,Hay,Riverina Murray,Regional,13850
2017,1,Transport,Navigation (Domestic),Navigation (Domestic),"1,125.90",Hilltops,South East and Tablelands,Regional,13910
2017,1,Transport,Navigation (Domestic),Navigation (Domestic),"3,505.50",Hornsby,Eastern Harbour City,Six Cities,14000
2017,1,Transport,Navigation (Domestic),Navigation (Domestic),"2,764.40",Hunters Hill,Eastern Harbour City,Six Cities,14100
2017,1,Transport,Navigation (Domestic),Navigation (Domestic),"8,821.90",Inner West,Eastern Harbour City,Six Cities,14170
2017,1,Transport,Navigation (Domestic),Navigation (Domestic),"1,033.80",Inverell,New England North West,Regional,14200
2017,1,Transport,Navigation (Domestic),Navigation (Domestic),300.2,Junee,Riverina Murray,Regional,14300
2017,1,Transport,Navigation (Domestic),Navigation (Domestic),"1,722.90",Kempsey,North Coast,Regional,14350
2017,1,Transport,Navigation (Domestic),Navigation (Domestic),"1,060.80",Kiama,Illawarra-Shoalhaven City,Six Cities,14400
2017,1,Transport,Navigation (Domestic),Navigation (Domestic),"2,303.70",Ku-Ring-Gai,Eastern Harbour City,Six Cities,14500
2017,1,Transport,Navigation (Domestic),Navigation (Domestic),604.7,Kyogle,North Coast,Regional,14550
2017,1,Transport,Navigation (Domestic),Navigation (Domestic),331.6,Lachlan,Central West and Orana,Regional,14600
2017,1,Transport,Navigation (Domestic),Navigation (Domestic),"16,908.00",Lake Macquarie,Lower Hunter and Greater Newcastle City,Six Cities,14650
2017,1,Transport,Navigation (Domestic),Navigation (Domestic),662.2,Lane Cove,Eastern Harbour City,Six Cities,14700
2017,1,Transport,Navigation (Domestic),Navigation (Domestic),700,Leeton,Riverina Murray,Regional,14750
2017,1,Transport,Navigation (Domestic),Navigation (Domestic),"1,558.20",Lismore,North Coast,Regional,14850
2017,1,Transport,Navigation (Domestic),Navigation (Domestic),702.2,Lithgow,Central West and Orana,Regional,14870
2017,1,Transport,Navigation (Domestic),Navigation (Domestic),"3,332.10",Liverpool,Western Parkland City,Six Cities,14900
2017,1,Transport,Navigation (Domestic),Navigation (Domestic),386.8,Liverpool Plains,New England North West,Regional,14920
2017,1,Transport,Navigation (Domestic),Navigation (Domestic),213.5,Lockhart,Riverina Murray,Regional,14950
2017,1,Transport,Navigation (Domestic),Navigation (Domestic),"4,309.50",Maitland,Lower Hunter and Greater Newcastle City,Six Cities,15050
2017,1,Transport,Navigation (Domestic),Navigation (Domestic),"7,734.80",Mid-Coast,Upper Hunter,Regional,15240
2017,1,Transport,Navigation (Domestic),Navigation (Domestic),"1,115.00",Mid-Western Regional,Central West and Orana,Regional,15270
2017,1,Transport,Navigation (Domestic),Navigation (Domestic),563.5,Moree Plains,New England North West,Regional,15300
2017,1,Transport,Navigation (Domestic),Navigation (Domestic),"1,647.70",Mosman,Eastern Harbour City,Six Cities,15350
2017,1,Transport,Navigation (Domestic),Navigation (Domestic),588.4,Murray River,Riverina Murray,Regional,15520
2017,1,Transport,Navigation (Domestic),Navigation (Domestic),327.2,Murrumbidgee,Riverina Murray,Regional,15560
2017,1,Transport,Navigation (Domestic),Navigation (Domestic),667.5,Muswellbrook,Upper Hunter,Regional,15650
2017,1,Transport,Navigation (Domestic),Navigation (Domestic),"1,290.60",Nambucca,North Coast,Regional,15700
2017,1,Transport,Navigation (Domestic),Navigation (Domestic),749.9,Narrabri,New England North West,Regional,15750
2017,1,Transport,Navigation (Domestic),Navigation (Domestic),373.8,Narrandera,Riverina Murray,Regional,15800
2017,1,Transport,Navigation (Domestic),Navigation (Domestic),397.7,Narromine,Central West and Orana,Regional,15850
2017,1,Transport,Navigation (Domestic),Navigation (Domestic),"52,627.40",Newcastle,Lower Hunter and Greater Newcastle City,Six Cities,15900
2017,1,Transport,Navigation (Domestic),Navigation (Domestic),"5,609.30",North Sydney,Eastern Harbour City,Six Cities,15950
2017,1,Transport,Navigation (Domestic),Navigation (Domestic),"14,408.90",Northern Beaches,Eastern Harbour City,Six Cities,15990
2017,1,Transport,Navigation (Domestic),Navigation (Domestic),147.4,Oberon,Central West and Orana,Regional,16100
2017,1,Transport,Navigation (Domestic),Navigation (Domestic),"1,594.00",Orange,Central West and Orana,Regional,16150
2017,1,Transport,Navigation (Domestic),Navigation (Domestic),755.3,Parkes,Central West and Orana,Regional,16200
2017,1,Transport,Navigation (Domestic),Navigation (Domestic),"3,984.40",Parramatta,Central River City,Six Cities,16260
2017,1,Transport,Navigation (Domestic),Navigation (Domestic),"4,873.00",Penrith,Western Parkland City,Six Cities,16350
2017,1,Transport,Navigation (Domestic),Navigation (Domestic),"5,608.70",Port Macquarie-Hastings,North Coast,Regional,16380
2017,1,Transport,Navigation (Domestic),Navigation (Domestic),"6,554.70",Port Stephens,Lower Hunter and Greater Newcastle City,Six Cities,16400
2017,1,Transport,Navigation (Domestic),Navigation (Domestic),"2,038.30",Queanbeyan-Palerang Regional,South East and Tablelands,Regional,16490
2017,1,Transport,Navigation (Domestic),Navigation (Domestic),"14,677.40",Randwick,Eastern Harbour City,Six Cities,16550
2017,1,Transport,Navigation (Domestic),Navigation (Domestic),"1,487.80",Richmond Valley,North Coast,Regional,16610
2017,1,Transport,Navigation (Domestic),Navigation (Domestic),"3,734.10",Ryde,Eastern Harbour City,Six Cities,16700
2017,1,Transport,Navigation (Domestic),Navigation (Domestic),"3,305.00",Shellharbour,Illawarra-Shoalhaven City,Six Cities,16900
2017,1,Transport,Navigation (Domestic),Navigation (Domestic),"9,238.80",Shoalhaven,Illawarra-Shoalhaven City,Six Cities,16950
2017,1,Transport,Navigation (Domestic),Navigation (Domestic),"1,140.00",Singleton,Upper Hunter,Regional,17000
2017,1,Transport,Navigation (Domestic),Navigation (Domestic),"1,248.30",Snowy Monaro Regional,South East and Tablelands,Regional,17040
2017,1,Transport,Navigation (Domestic),Navigation (Domestic),"1,163.80",Snowy Valleys,Riverina Murray,Regional,17080
2017,1,Transport,Navigation (Domestic),Navigation (Domestic),290.4,Strathfield,Eastern Harbour City,Six Cities,17100
2017,1,Transport,Navigation (Domestic),Navigation (Domestic),"13,575.30",Sutherland Shire,Central River City,Six Cities,17150
2017,1,Transport,Navigation (Domestic),Navigation (Domestic),"102,485.20",Sydney,Eastern Harbour City,Six Cities,17200
2017,1,Transport,Navigation (Domestic),Navigation (Domestic),"2,548.60",Tamworth Regional,New England North West,Regional,17310
2017,1,Transport,Navigation (Domestic),Navigation (Domestic),482.2,Temora,Riverina Murray,Regional,17350
2017,1,Transport,Navigation (Domestic),Navigation (Domestic),153.9,Tenterfield,New England North West,Regional,17400
2017,1,Transport,Navigation (Domestic),Navigation (Domestic),"3,869.60",The Hills Shire,Central River City,Six Cities,17420
2017,1,Transport,Navigation (Domestic),Navigation (Domestic),"3,685.30",Tweed,North Coast,Regional,17550
2017,1,Transport,Navigation (Domestic),Navigation (Domestic),0,Unincorporated NSW,Far West,Regional,19399
2017,1,Transport,Navigation (Domestic),Navigation (Domestic),773.7,Upper Hunter Shire,Upper Hunter,Regional,17620
2017,1,Transport,Navigation (Domestic),Navigation (Domestic),431.3,Upper Lachlan Shire,South East and Tablelands,Regional,17640
2017,1,Transport,Navigation (Domestic),Navigation (Domestic),261.1,Uralla,New England North West,Regional,17650
2017,1,Transport,Navigation (Domestic),Navigation (Domestic),"3,515.20",Wagga Wagga,Riverina Murray,Regional,17750
2017,1,Transport,Navigation (Domestic),Navigation (Domestic),150.6,Walcha,New England North West,Regional,17850
2017,1,Transport,Navigation (Domestic),Navigation (Domestic),207,Walgett,Far West,Regional,17900
2017,1,Transport,Navigation (Domestic),Navigation (Domestic),143,Warren,Central West and Orana,Regional,17950
2017,1,Transport,Navigation (Domestic),Navigation (Domestic),408.5,Warrumbungle Shire,Central West and Orana,Regional,18020
2017,1,Transport,Navigation (Domestic),Navigation (Domestic),"1,115.00",Waverley,Eastern Harbour City,Six Cities,18050
2017,1,Transport,Navigation (Domestic),Navigation (Domestic),209.1,Weddin,Central West and Orana,Regional,18100
2017,1,Transport,Navigation (Domestic),Navigation (Domestic),782.4,Wentworth,Far West,Regional,18200
2017,1,Transport,Navigation (Domestic),Navigation (Domestic),896.1,Willoughby,Eastern Harbour City,Six Cities,18250
2017,1,Transport,Navigation (Domestic),Navigation (Domestic),"1,358.80",Wingecarribee,South East and Tablelands,Regional,18350
2017,1,Transport,Navigation (Domestic),Navigation (Domestic),"1,623.20",Wollondilly,Western Parkland City,Six Cities,18400
2017,1,Transport,Navigation (Domestic),Navigation (Domestic),"24,331.80",Wollongong,Illawarra-Shoalhaven City,Six Cities,18450
2017,1,Transport,Navigation (Domestic),Navigation (Domestic),"1,866.00",Woollahra,Eastern Harbour City,Six Cities,18500
2017,1,Transport,Navigation (Domestic),Navigation (Domestic),861.5,Yass Valley,South East and Tablelands,Regional,18710
2018,1,Transport,Navigation (Domestic),Navigation (Domestic),"2,290.90",Albury,Riverina Murray,Regional,10050
2018,1,Transport,Navigation (Domestic),Navigation (Domestic),846.9,Armidale Regional,New England North West,Regional,10130
2018,1,Transport,Navigation (Domestic),Navigation (Domestic),"2,258.50",Ballina,North Coast,Regional,10250
2018,1,Transport,Navigation (Domestic),Navigation (Domestic),170.3,Balranald,Far West,Regional,10300
2018,1,Transport,Navigation (Domestic),Navigation (Domestic),"1,335.10",Bathurst Regional,Central West and Orana,Regional,10470
2018,1,Transport,Navigation (Domestic),Navigation (Domestic),"15,363.50",Bayside,Eastern Harbour City,Six Cities,10500
2018,1,Transport,Navigation (Domestic),Navigation (Domestic),"2,576.40",Bega Valley,South East and Tablelands,Regional,10550
2018,1,Transport,Navigation (Domestic),Navigation (Domestic),866.3,Bellingen,North Coast,Regional,10600
2018,1,Transport,Navigation (Domestic),Navigation (Domestic),371.8,Berrigan,Riverina Murray,Regional,10650
2018,1,Transport,Navigation (Domestic),Navigation (Domestic),"4,775.70",Blacktown,Central River City,Six Cities,10750
2018,1,Transport,Navigation (Domestic),Navigation (Domestic),400.8,Bland,Riverina Murray,Regional,10800
2018,1,Transport,Navigation (Domestic),Navigation (Domestic),442.9,Blayney,Central West and Orana,Regional,10850
2018,1,Transport,Navigation (Domestic),Navigation (Domestic),"1,252.10",Blue Mountains,Western Parkland City,Six Cities,10900
2018,1,Transport,Navigation (Domestic),Navigation (Domestic),126.1,Bogan,Central West and Orana,Regional,10950
2018,1,Transport,Navigation (Domestic),Navigation (Domestic),71.1,Bourke,Far West,Regional,11150
2018,1,Transport,Navigation (Domestic),Navigation (Domestic),19.4,Brewarrina,Far West,Regional,11200
2018,1,Transport,Navigation (Domestic),Navigation (Domestic),673.5,Broken Hill,Far West,Regional,11250
2018,1,Transport,Navigation (Domestic),Navigation (Domestic),259.7,Burwood,Eastern Harbour City,Six Cities,11300
2018,1,Transport,Navigation (Domestic),Navigation (Domestic),"1,203.60",Byron,North Coast,Regional,11350
2018,1,Transport,Navigation (Domestic),Navigation (Domestic),595.9,Cabonne,Central West and Orana,Regional,11400
2018,1,Transport,Navigation (Domestic),Navigation (Domestic),"3,109.80",Camden,Western Parkland City,Six Cities,11450
2018,1,Transport,Navigation (Domestic),Navigation (Domestic),"2,535.50",Campbelltown,Western Parkland City,Six Cities,11500
2018,1,Transport,Navigation (Domestic),Navigation (Domestic),"3,420.60",Canada Bay,Eastern Harbour City,Six Cities,11520
2018,1,Transport,Navigation (Domestic),Navigation (Domestic),"5,223.90",Canterbury-Bankstown,Central River City,Six Cities,11570
2018,1,Transport,Navigation (Domestic),Navigation (Domestic),102.4,Carrathool,Riverina Murray,Regional,11600
2018,1,Transport,Navigation (Domestic),Navigation (Domestic),"15,978.90",Central Coast,Central Coast City,Six Cities,11650
2018,1,Transport,Navigation (Domestic),Navigation (Domestic),72.2,Central Darling,Far West,Regional,11700
2018,1,Transport,Navigation (Domestic),Navigation (Domestic),"2,660.50",Cessnock,Lower Hunter and Greater Newcastle City,Six Cities,11720
2018,1,Transport,Navigation (Domestic),Navigation (Domestic),"10,358.50",Clarence Valley,North Coast,Regional,11730
2018,1,Transport,Navigation (Domestic),Navigation (Domestic),154.1,Cobar,Far West,Regional,11750
2018,1,Transport,Navigation (Domestic),Navigation (Domestic),"3,284.30",Coffs Harbour,North Coast,Regional,11800
2018,1,Transport,Navigation (Domestic),Navigation (Domestic),282.3,Coolamon,Riverina Murray,Regional,12000
2018,1,Transport,Navigation (Domestic),Navigation (Domestic),161.6,Coonamble,Central West and Orana,Regional,12150
2018,1,Transport,Navigation (Domestic),Navigation (Domestic),878.2,Cootamundra-Gundagai Regional,Riverina Murray,Regional,12160
2018,1,Transport,Navigation (Domestic),Navigation (Domestic),727.3,Cowra,Central West and Orana,Regional,12350
2018,1,Transport,Navigation (Domestic),Navigation (Domestic),"2,374.90",Cumberland,Central River City,Six Cities,12380
2018,1,Transport,Navigation (Domestic),Navigation (Domestic),"2,283.30",Dubbo Regional,Central West and Orana,Regional,12390
2018,1,Transport,Navigation (Domestic),Navigation (Domestic),354.5,Dungog,Upper Hunter,Regional,12700
2018,1,Transport,Navigation (Domestic),Navigation (Domestic),"1,130.30",Edward River,Riverina Murray,Regional,12730
2018,1,Transport,Navigation (Domestic),Navigation (Domestic),"3,934.10",Eurobodalla,South East and Tablelands,Regional,12750
2018,1,Transport,Navigation (Domestic),Navigation (Domestic),"2,124.90",Fairfield,Western Parkland City,Six Cities,12850
2018,1,Transport,Navigation (Domestic),Navigation (Domestic),"1,066.80",Federation,Riverina Murray,Regional,12870
2018,1,Transport,Navigation (Domestic),Navigation (Domestic),539.8,Forbes,Central West and Orana,Regional,12900
2018,1,Transport,Navigation (Domestic),Navigation (Domestic),"2,926.60",Georges River,Central River City,Six Cities,12930
2018,1,Transport,Navigation (Domestic),Navigation (Domestic),168.1,Gilgandra,Central West and Orana,Regional,12950
2018,1,Transport,Navigation (Domestic),Navigation (Domestic),474.1,Glen Innes Severn,New England North West,Regional,13010
2018,1,Transport,Navigation (Domestic),Navigation (Domestic),"1,101.20",Goulburn Mulwaree,South East and Tablelands,Regional,13310
2018,1,Transport,Navigation (Domestic),Navigation (Domestic),941.8,Greater Hume Shire,Riverina Murray,Regional,13340
2018,1,Transport,Navigation (Domestic),Navigation (Domestic),925.6,Griffith,Riverina Murray,Regional,13450
2018,1,Transport,Navigation (Domestic),Navigation (Domestic),795.2,Gunnedah,New England North West,Regional,13550
2018,1,Transport,Navigation (Domestic),Navigation (Domestic),240.3,Gwydir,New England North West,Regional,13660
2018,1,Transport,Navigation (Domestic),Navigation (Domestic),"4,756.30",Hawkesbury,Western Parkland City,Six Cities,13800
2018,1,Transport,Navigation (Domestic),Navigation (Domestic),315.7,Hay,Riverina Murray,Regional,13850
2018,1,Transport,Navigation (Domestic),Navigation (Domestic),"1,119.60",Hilltops,South East and Tablelands,Regional,13910
2018,1,Transport,Navigation (Domestic),Navigation (Domestic),"3,485.80",Hornsby,Eastern Harbour City,Six Cities,14000
2018,1,Transport,Navigation (Domestic),Navigation (Domestic),"2,844.30",Hunters Hill,Eastern Harbour City,Six Cities,14100
2018,1,Transport,Navigation (Domestic),Navigation (Domestic),"10,324.10",Inner West,Eastern Harbour City,Six Cities,14170
2018,1,Transport,Navigation (Domestic),Navigation (Domestic),"1,028.00",Inverell,New England North West,Regional,14200
2018,1,Transport,Navigation (Domestic),Navigation (Domestic),298.5,Junee,Riverina Murray,Regional,14300
2018,1,Transport,Navigation (Domestic),Navigation (Domestic),"1,713.30",Kempsey,North Coast,Regional,14350
2018,1,Transport,Navigation (Domestic),Navigation (Domestic),"1,054.90",Kiama,Illawarra-Shoalhaven City,Six Cities,14400
2018,1,Transport,Navigation (Domestic),Navigation (Domestic),"2,290.90",Ku-Ring-Gai,Eastern Harbour City,Six Cities,14500
2018,1,Transport,Navigation (Domestic),Navigation (Domestic),601.3,Kyogle,North Coast,Regional,14550
2018,1,Transport,Navigation (Domestic),Navigation (Domestic),329.7,Lachlan,Central West and Orana,Regional,14600
2018,1,Transport,Navigation (Domestic),Navigation (Domestic),"17,336.00",Lake Macquarie,Lower Hunter and Greater Newcastle City,Six Cities,14650
2018,1,Transport,Navigation (Domestic),Navigation (Domestic),993.6,Lane Cove,Eastern Harbour City,Six Cities,14700
2018,1,Transport,Navigation (Domestic),Navigation (Domestic),696.1,Leeton,Riverina Murray,Regional,14750
2018,1,Transport,Navigation (Domestic),Navigation (Domestic),"1,549.50",Lismore,North Coast,Regional,14850
2018,1,Transport,Navigation (Domestic),Navigation (Domestic),698.2,Lithgow,Central West and Orana,Regional,14870
2018,1,Transport,Navigation (Domestic),Navigation (Domestic),"3,313.40",Liverpool,Western Parkland City,Six Cities,14900
2018,1,Transport,Navigation (Domestic),Navigation (Domestic),384.7,Liverpool Plains,New England North West,Regional,14920
2018,1,Transport,Navigation (Domestic),Navigation (Domestic),212.3,Lockhart,Riverina Murray,Regional,14950
2018,1,Transport,Navigation (Domestic),Navigation (Domestic),"4,285.40",Maitland,Lower Hunter and Greater Newcastle City,Six Cities,15050
2018,1,Transport,Navigation (Domestic),Navigation (Domestic),"7,691.50",Mid-Coast,Upper Hunter,Regional,15240
2018,1,Transport,Navigation (Domestic),Navigation (Domestic),"1,108.80",Mid-Western Regional,Central West and Orana,Regional,15270
2018,1,Transport,Navigation (Domestic),Navigation (Domestic),560.3,Moree Plains,New England North West,Regional,15300
2018,1,Transport,Navigation (Domestic),Navigation (Domestic),"1,613.30",Mosman,Eastern Harbour City,Six Cities,15350
2018,1,Transport,Navigation (Domestic),Navigation (Domestic),585.1,Murray River,Riverina Murray,Regional,15520
2018,1,Transport,Navigation (Domestic),Navigation (Domestic),325.4,Murrumbidgee,Riverina Murray,Regional,15560
2018,1,Transport,Navigation (Domestic),Navigation (Domestic),663.8,Muswellbrook,Upper Hunter,Regional,15650
2018,1,Transport,Navigation (Domestic),Navigation (Domestic),"1,283.40",Nambucca,North Coast,Regional,15700
2018,1,Transport,Navigation (Domestic),Navigation (Domestic),745.7,Narrabri,New England North West,Regional,15750
2018,1,Transport,Navigation (Domestic),Navigation (Domestic),371.8,Narrandera,Riverina Murray,Regional,15800
2018,1,Transport,Navigation (Domestic),Navigation (Domestic),395.5,Narromine,Central West and Orana,Regional,15850
2018,1,Transport,Navigation (Domestic),Navigation (Domestic),"57,122.60",Newcastle,Lower Hunter and Greater Newcastle City,Six Cities,15900
2018,1,Transport,Navigation (Domestic),Navigation (Domestic),"6,953.30",North Sydney,Eastern Harbour City,Six Cities,15950
2018,1,Transport,Navigation (Domestic),Navigation (Domestic),"13,923.00",Northern Beaches,Eastern Harbour City,Six Cities,15990
2018,1,Transport,Navigation (Domestic),Navigation (Domestic),146.5,Oberon,Central West and Orana,Regional,16100
2018,1,Transport,Navigation (Domestic),Navigation (Domestic),"1,585.10",Orange,Central West and Orana,Regional,16150
2018,1,Transport,Navigation (Domestic),Navigation (Domestic),751,Parkes,Central West and Orana,Regional,16200
2018,1,Transport,Navigation (Domestic),Navigation (Domestic),"3,722.30",Parramatta,Central River City,Six Cities,16260
2018,1,Transport,Navigation (Domestic),Navigation (Domestic),"4,845.70",Penrith,Western Parkland City,Six Cities,16350
2018,1,Transport,Navigation (Domestic),Navigation (Domestic),"5,577.40",Port Macquarie-Hastings,North Coast,Regional,16380
2018,1,Transport,Navigation (Domestic),Navigation (Domestic),"6,518.00",Port Stephens,Lower Hunter and Greater Newcastle City,Six Cities,16400
2018,1,Transport,Navigation (Domestic),Navigation (Domestic),"2,026.90",Queanbeyan-Palerang Regional,South East and Tablelands,Regional,16490
2018,1,Transport,Navigation (Domestic),Navigation (Domestic),"15,062.90",Randwick,Eastern Harbour City,Six Cities,16550
2018,1,Transport,Navigation (Domestic),Navigation (Domestic),"1,479.50",Richmond Valley,North Coast,Regional,16610
2018,1,Transport,Navigation (Domestic),Navigation (Domestic),"3,473.40",Ryde,Eastern Harbour City,Six Cities,16700
2018,1,Transport,Navigation (Domestic),Navigation (Domestic),"3,286.50",Shellharbour,Illawarra-Shoalhaven City,Six Cities,16900
2018,1,Transport,Navigation (Domestic),Navigation (Domestic),"9,187.10",Shoalhaven,Illawarra-Shoalhaven City,Six Cities,16950
2018,1,Transport,Navigation (Domestic),Navigation (Domestic),"1,133.60",Singleton,Upper Hunter,Regional,17000
2018,1,Transport,Navigation (Domestic),Navigation (Domestic),"1,241.30",Snowy Monaro Regional,South East and Tablelands,Regional,17040
2018,1,Transport,Navigation (Domestic),Navigation (Domestic),"1,157.30",Snowy Valleys,Riverina Murray,Regional,17080
2018,1,Transport,Navigation (Domestic),Navigation (Domestic),288.8,Strathfield,Eastern Harbour City,Six Cities,17100
2018,1,Transport,Navigation (Domestic),Navigation (Domestic),"13,557.80",Sutherland Shire,Central River City,Six Cities,17150
2018,1,Transport,Navigation (Domestic),Navigation (Domestic),"122,092.40",Sydney,Eastern Harbour City,Six Cities,17200
2018,1,Transport,Navigation (Domestic),Navigation (Domestic),"2,534.40",Tamworth Regional,New England North West,Regional,17310
2018,1,Transport,Navigation (Domestic),Navigation (Domestic),479.5,Temora,Riverina Murray,Regional,17350
2018,1,Transport,Navigation (Domestic),Navigation (Domestic),153,Tenterfield,New England North West,Regional,17400
2018,1,Transport,Navigation (Domestic),Navigation (Domestic),"3,847.90",The Hills Shire,Central River City,Six Cities,17420
2018,1,Transport,Navigation (Domestic),Navigation (Domestic),"3,664.70",Tweed,North Coast,Regional,17550
2018,1,Transport,Navigation (Domestic),Navigation (Domestic),0,Unincorporated NSW,Far West,Regional,19399
2018,1,Transport,Navigation (Domestic),Navigation (Domestic),769.4,Upper Hunter Shire,Upper Hunter,Regional,17620
2018,1,Transport,Navigation (Domestic),Navigation (Domestic),428.9,Upper Lachlan Shire,South East and Tablelands,Regional,17640
2018,1,Transport,Navigation (Domestic),Navigation (Domestic),259.7,Uralla,New England North West,Regional,17650
2018,1,Transport,Navigation (Domestic),Navigation (Domestic),"3,495.50",Wagga Wagga,Riverina Murray,Regional,17750
2018,1,Transport,Navigation (Domestic),Navigation (Domestic),149.8,Walcha,New England North West,Regional,17850
2018,1,Transport,Navigation (Domestic),Navigation (Domestic),205.8,Walgett,Far West,Regional,17900
2018,1,Transport,Navigation (Domestic),Navigation (Domestic),142.2,Warren,Central West and Orana,Regional,17950
2018,1,Transport,Navigation (Domestic),Navigation (Domestic),406.2,Warrumbungle Shire,Central West and Orana,Regional,18020
2018,1,Transport,Navigation (Domestic),Navigation (Domestic),"1,108.80",Waverley,Eastern Harbour City,Six Cities,18050
2018,1,Transport,Navigation (Domestic),Navigation (Domestic),208,Weddin,Central West and Orana,Regional,18100
2018,1,Transport,Navigation (Domestic),Navigation (Domestic),778,Wentworth,Far West,Regional,18200
2018,1,Transport,Navigation (Domestic),Navigation (Domestic),891.1,Willoughby,Eastern Harbour City,Six Cities,18250
2018,1,Transport,Navigation (Domestic),Navigation (Domestic),"1,351.20",Wingecarribee,South East and Tablelands,Regional,18350
2018,1,Transport,Navigation (Domestic),Navigation (Domestic),"1,614.20",Wollondilly,Western Parkland City,Six Cities,18400
2018,1,Transport,Navigation (Domestic),Navigation (Domestic),"24,574.10",Wollongong,Illawarra-Shoalhaven City,Six Cities,18450
2018,1,Transport,Navigation (Domestic),Navigation (Domestic),"1,144.10",Woollahra,Eastern Harbour City,Six Cities,18500
2018,1,Transport,Navigation (Domestic),Navigation (Domestic),856.6,Yass Valley,South East and Tablelands,Regional,18710
2019,1,Transport,Navigation (Domestic),Navigation (Domestic),"2,114.40",Albury,Riverina Murray,Regional,10050
2019,1,Transport,Navigation (Domestic),Navigation (Domestic),781.7,Armidale Regional,New England North West,Regional,10130
2019,1,Transport,Navigation (Domestic),Navigation (Domestic),"2,084.60",Ballina,North Coast,Regional,10250
2019,1,Transport,Navigation (Domestic),Navigation (Domestic),157.1,Balranald,Far West,Regional,10300
2019,1,Transport,Navigation (Domestic),Navigation (Domestic),"1,232.20",Bathurst Regional,Central West and Orana,Regional,10470
2019,1,Transport,Navigation (Domestic),Navigation (Domestic),"17,727.30",Bayside,Eastern Harbour City,Six Cities,10500
2019,1,Transport,Navigation (Domestic),Navigation (Domestic),"2,377.90",Bega Valley,South East and Tablelands,Regional,10550
2019,1,Transport,Navigation (Domestic),Navigation (Domestic),799.6,Bellingen,North Coast,Regional,10600
2019,1,Transport,Navigation (Domestic),Navigation (Domestic),343.1,Berrigan,Riverina Murray,Regional,10650
2019,1,Transport,Navigation (Domestic),Navigation (Domestic),"4,407.80",Blacktown,Central River City,Six Cities,10750
2019,1,Transport,Navigation (Domestic),Navigation (Domestic),370,Bland,Riverina Murray,Regional,10800
2019,1,Transport,Navigation (Domestic),Navigation (Domestic),408.8,Blayney,Central West and Orana,Regional,10850
2019,1,Transport,Navigation (Domestic),Navigation (Domestic),"1,155.70",Blue Mountains,Western Parkland City,Six Cities,10900
2019,1,Transport,Navigation (Domestic),Navigation (Domestic),116.4,Bogan,Central West and Orana,Regional,10950
2019,1,Transport,Navigation (Domestic),Navigation (Domestic),65.6,Bourke,Far West,Regional,11150
2019,1,Transport,Navigation (Domestic),Navigation (Domestic),17.9,Brewarrina,Far West,Regional,11200
2019,1,Transport,Navigation (Domestic),Navigation (Domestic),621.6,Broken Hill,Far West,Regional,11250
2019,1,Transport,Navigation (Domestic),Navigation (Domestic),239.7,Burwood,Eastern Harbour City,Six Cities,11300
2019,1,Transport,Navigation (Domestic),Navigation (Domestic),"1,110.90",Byron,North Coast,Regional,11350
2019,1,Transport,Navigation (Domestic),Navigation (Domestic),550,Cabonne,Central West and Orana,Regional,11400
2019,1,Transport,Navigation (Domestic),Navigation (Domestic),"2,870.20",Camden,Western Parkland City,Six Cities,11450
2019,1,Transport,Navigation (Domestic),Navigation (Domestic),"2,340.20",Campbelltown,Western Parkland City,Six Cities,11500
2019,1,Transport,Navigation (Domestic),Navigation (Domestic),"4,261.60",Canada Bay,Eastern Harbour City,Six Cities,11520
2019,1,Transport,Navigation (Domestic),Navigation (Domestic),"4,821.50",Canterbury-Bankstown,Central River City,Six Cities,11570
2019,1,Transport,Navigation (Domestic),Navigation (Domestic),94.5,Carrathool,Riverina Murray,Regional,11600
2019,1,Transport,Navigation (Domestic),Navigation (Domestic),"14,748.00",Central Coast,Central Coast City,Six Cities,11650
2019,1,Transport,Navigation (Domestic),Navigation (Domestic),66.6,Central Darling,Far West,Regional,11700
2019,1,Transport,Navigation (Domestic),Navigation (Domestic),"2,455.50",Cessnock,Lower Hunter and Greater Newcastle City,Six Cities,11720
2019,1,Transport,Navigation (Domestic),Navigation (Domestic),"10,719.40",Clarence Valley,North Coast,Regional,11730
2019,1,Transport,Navigation (Domestic),Navigation (Domestic),142.2,Cobar,Far West,Regional,11750
2019,1,Transport,Navigation (Domestic),Navigation (Domestic),"3,031.40",Coffs Harbour,North Coast,Regional,11800
2019,1,Transport,Navigation (Domestic),Navigation (Domestic),260.6,Coolamon,Riverina Murray,Regional,12000
2019,1,Transport,Navigation (Domestic),Navigation (Domestic),149.2,Coonamble,Central West and Orana,Regional,12150
2019,1,Transport,Navigation (Domestic),Navigation (Domestic),810.6,Cootamundra-Gundagai Regional,Riverina Murray,Regional,12160
2019,1,Transport,Navigation (Domestic),Navigation (Domestic),671.3,Cowra,Central West and Orana,Regional,12350
2019,1,Transport,Navigation (Domestic),Navigation (Domestic),"2,192.00",Cumberland,Central River City,Six Cities,12380
2019,1,Transport,Navigation (Domestic),Navigation (Domestic),"2,107.40",Dubbo Regional,Central West and Orana,Regional,12390
2019,1,Transport,Navigation (Domestic),Navigation (Domestic),327.2,Dungog,Upper Hunter,Regional,12700
2019,1,Transport,Navigation (Domestic),Navigation (Domestic),"1,043.30",Edward River,Riverina Murray,Regional,12730
2019,1,Transport,Navigation (Domestic),Navigation (Domestic),"3,631.10",Eurobodalla,South East and Tablelands,Regional,12750
2019,1,Transport,Navigation (Domestic),Navigation (Domestic),"1,961.20",Fairfield,Western Parkland City,Six Cities,12850
2019,1,Transport,Navigation (Domestic),Navigation (Domestic),984.6,Federation,Riverina Murray,Regional,12870
2019,1,Transport,Navigation (Domestic),Navigation (Domestic),498.3,Forbes,Central West and Orana,Regional,12900
2019,1,Transport,Navigation (Domestic),Navigation (Domestic),"2,701.20",Georges River,Central River City,Six Cities,12930
2019,1,Transport,Navigation (Domestic),Navigation (Domestic),155.1,Gilgandra,Central West and Orana,Regional,12950
2019,1,Transport,Navigation (Domestic),Navigation (Domestic),437.6,Glen Innes Severn,New England North West,Regional,13010
2019,1,Transport,Navigation (Domestic),Navigation (Domestic),"1,016.40",Goulburn Mulwaree,South East and Tablelands,Regional,13310
2019,1,Transport,Navigation (Domestic),Navigation (Domestic),869.2,Greater Hume Shire,Riverina Murray,Regional,13340
2019,1,Transport,Navigation (Domestic),Navigation (Domestic),854.3,Griffith,Riverina Murray,Regional,13450
2019,1,Transport,Navigation (Domestic),Navigation (Domestic),734,Gunnedah,New England North West,Regional,13550
2019,1,Transport,Navigation (Domestic),Navigation (Domestic),221.8,Gwydir,New England North West,Regional,13660
2019,1,Transport,Navigation (Domestic),Navigation (Domestic),"4,389.90",Hawkesbury,Western Parkland City,Six Cities,13800
2019,1,Transport,Navigation (Domestic),Navigation (Domestic),291.4,Hay,Riverina Murray,Regional,13850
2019,1,Transport,Navigation (Domestic),Navigation (Domestic),"1,033.30",Hilltops,South East and Tablelands,Regional,13910
2019,1,Transport,Navigation (Domestic),Navigation (Domestic),"3,217.30",Hornsby,Eastern Harbour City,Six Cities,14000
2019,1,Transport,Navigation (Domestic),Navigation (Domestic),"3,875.90",Hunters Hill,Eastern Harbour City,Six Cities,14100
2019,1,Transport,Navigation (Domestic),Navigation (Domestic),"13,573.70",Inner West,Eastern Harbour City,Six Cities,14170
2019,1,Transport,Navigation (Domestic),Navigation (Domestic),948.8,Inverell,New England North West,Regional,14200
2019,1,Transport,Navigation (Domestic),Navigation (Domestic),275.5,Junee,Riverina Murray,Regional,14300
2019,1,Transport,Navigation (Domestic),Navigation (Domestic),"1,581.30",Kempsey,North Coast,Regional,14350
2019,1,Transport,Navigation (Domestic),Navigation (Domestic),973.7,Kiama,Illawarra-Shoalhaven City,Six Cities,14400
2019,1,Transport,Navigation (Domestic),Navigation (Domestic),"2,114.40",Ku-Ring-Gai,Eastern Harbour City,Six Cities,14500
2019,1,Transport,Navigation (Domestic),Navigation (Domestic),555,Kyogle,North Coast,Regional,14550
2019,1,Transport,Navigation (Domestic),Navigation (Domestic),304.3,Lachlan,Central West and Orana,Regional,14600
2019,1,Transport,Navigation (Domestic),Navigation (Domestic),"16,629.60",Lake Macquarie,Lower Hunter and Greater Newcastle City,Six Cities,14650
2019,1,Transport,Navigation (Domestic),Navigation (Domestic),"1,063.40",Lane Cove,Eastern Harbour City,Six Cities,14700
2019,1,Transport,Navigation (Domestic),Navigation (Domestic),642.5,Leeton,Riverina Murray,Regional,14750
2019,1,Transport,Navigation (Domestic),Navigation (Domestic),"1,430.10",Lismore,North Coast,Regional,14850
2019,1,Transport,Navigation (Domestic),Navigation (Domestic),644.5,Lithgow,Central West and Orana,Regional,14870
2019,1,Transport,Navigation (Domestic),Navigation (Domestic),"3,058.20",Liverpool,Western Parkland City,Six Cities,14900
2019,1,Transport,Navigation (Domestic),Navigation (Domestic),355.1,Liverpool Plains,New England North West,Regional,14920
2019,1,Transport,Navigation (Domestic),Navigation (Domestic),195.9,Lockhart,Riverina Murray,Regional,14950
2019,1,Transport,Navigation (Domestic),Navigation (Domestic),"3,955.30",Maitland,Lower Hunter and Greater Newcastle City,Six Cities,15050
2019,1,Transport,Navigation (Domestic),Navigation (Domestic),"7,099.00",Mid-Coast,Upper Hunter,Regional,15240
2019,1,Transport,Navigation (Domestic),Navigation (Domestic),"1,023.40",Mid-Western Regional,Central West and Orana,Regional,15270
2019,1,Transport,Navigation (Domestic),Navigation (Domestic),517.2,Moree Plains,New England North West,Regional,15300
2019,1,Transport,Navigation (Domestic),Navigation (Domestic),"1,912.80",Mosman,Eastern Harbour City,Six Cities,15350
2019,1,Transport,Navigation (Domestic),Navigation (Domestic),540,Murray River,Riverina Murray,Regional,15520
2019,1,Transport,Navigation (Domestic),Navigation (Domestic),300.4,Murrumbidgee,Riverina Murray,Regional,15560
2019,1,Transport,Navigation (Domestic),Navigation (Domestic),612.6,Muswellbrook,Upper Hunter,Regional,15650
2019,1,Transport,Navigation (Domestic),Navigation (Domestic),"1,184.50",Nambucca,North Coast,Regional,15700
2019,1,Transport,Navigation (Domestic),Navigation (Domestic),688.2,Narrabri,New England North West,Regional,15750
2019,1,Transport,Navigation (Domestic),Navigation (Domestic),343.1,Narrandera,Riverina Murray,Regional,15800
2019,1,Transport,Navigation (Domestic),Navigation (Domestic),365,Narromine,Central West and Orana,Regional,15850
2019,1,Transport,Navigation (Domestic),Navigation (Domestic),"63,645.20",Newcastle,Lower Hunter and Greater Newcastle City,Six Cities,15900
2019,1,Transport,Navigation (Domestic),Navigation (Domestic),"9,334.40",North Sydney,Eastern Harbour City,Six Cities,15950
2019,1,Transport,Navigation (Domestic),Navigation (Domestic),"14,891.70",Northern Beaches,Eastern Harbour City,Six Cities,15990
2019,1,Transport,Navigation (Domestic),Navigation (Domestic),135.3,Oberon,Central West and Orana,Regional,16100
2019,1,Transport,Navigation (Domestic),Navigation (Domestic),"1,463.00",Orange,Central West and Orana,Regional,16150
2019,1,Transport,Navigation (Domestic),Navigation (Domestic),693.2,Parkes,Central West and Orana,Regional,16200
2019,1,Transport,Navigation (Domestic),Navigation (Domestic),"4,540.10",Parramatta,Central River City,Six Cities,16260
2019,1,Transport,Navigation (Domestic),Navigation (Domestic),"4,472.40",Penrith,Western Parkland City,Six Cities,16350
2019,1,Transport,Navigation (Domestic),Navigation (Domestic),"5,147.70",Port Macquarie-Hastings,North Coast,Regional,16380
2019,1,Transport,Navigation (Domestic),Navigation (Domestic),"6,016.00",Port Stephens,Lower Hunter and Greater Newcastle City,Six Cities,16400
2019,1,Transport,Navigation (Domestic),Navigation (Domestic),"1,870.70",Queanbeyan-Palerang Regional,South East and Tablelands,Regional,16490
2019,1,Transport,Navigation (Domestic),Navigation (Domestic),"17,449.80",Randwick,Eastern Harbour City,Six Cities,16550
2019,1,Transport,Navigation (Domestic),Navigation (Domestic),"1,365.50",Richmond Valley,North Coast,Regional,16610
2019,1,Transport,Navigation (Domestic),Navigation (Domestic),"4,310.40",Ryde,Eastern Harbour City,Six Cities,16700
2019,1,Transport,Navigation (Domestic),Navigation (Domestic),"3,033.30",Shellharbour,Illawarra-Shoalhaven City,Six Cities,16900
2019,1,Transport,Navigation (Domestic),Navigation (Domestic),"8,479.50",Shoalhaven,Illawarra-Shoalhaven City,Six Cities,16950
2019,1,Transport,Navigation (Domestic),Navigation (Domestic),"1,046.30",Singleton,Upper Hunter,Regional,17000
2019,1,Transport,Navigation (Domestic),Navigation (Domestic),"1,145.70",Snowy Monaro Regional,South East and Tablelands,Regional,17040
2019,1,Transport,Navigation (Domestic),Navigation (Domestic),"1,068.10",Snowy Valleys,Riverina Murray,Regional,17080
2019,1,Transport,Navigation (Domestic),Navigation (Domestic),266.5,Strathfield,Eastern Harbour City,Six Cities,17100
2019,1,Transport,Navigation (Domestic),Navigation (Domestic),"12,956.80",Sutherland Shire,Central River City,Six Cities,17150
2019,1,Transport,Navigation (Domestic),Navigation (Domestic),"142,465.50",Sydney,Eastern Harbour City,Six Cities,17200
2019,1,Transport,Navigation (Domestic),Navigation (Domestic),"2,339.20",Tamworth Regional,New England North West,Regional,17310
2019,1,Transport,Navigation (Domestic),Navigation (Domestic),442.6,Temora,Riverina Murray,Regional,17350
2019,1,Transport,Navigation (Domestic),Navigation (Domestic),141.2,Tenterfield,New England North West,Regional,17400
2019,1,Transport,Navigation (Domestic),Navigation (Domestic),"3,551.50",The Hills Shire,Central River City,Six Cities,17420
2019,1,Transport,Navigation (Domestic),Navigation (Domestic),"3,382.40",Tweed,North Coast,Regional,17550
2019,1,Transport,Navigation (Domestic),Navigation (Domestic),0,Unincorporated NSW,Far West,Regional,19399
2019,1,Transport,Navigation (Domestic),Navigation (Domestic),710.1,Upper Hunter Shire,Upper Hunter,Regional,17620
2019,1,Transport,Navigation (Domestic),Navigation (Domestic),395.8,Upper Lachlan Shire,South East and Tablelands,Regional,17640
2019,1,Transport,Navigation (Domestic),Navigation (Domestic),239.7,Uralla,New England North West,Regional,17650
2019,1,Transport,Navigation (Domestic),Navigation (Domestic),"3,226.30",Wagga Wagga,Riverina Murray,Regional,17750
2019,1,Transport,Navigation (Domestic),Navigation (Domestic),138.2,Walcha,New England North West,Regional,17850
2019,1,Transport,Navigation (Domestic),Navigation (Domestic),190,Walgett,Far West,Regional,17900
2019,1,Transport,Navigation (Domestic),Navigation (Domestic),131.3,Warren,Central West and Orana,Regional,17950
2019,1,Transport,Navigation (Domestic),Navigation (Domestic),374.9,Warrumbungle Shire,Central West and Orana,Regional,18020
2019,1,Transport,Navigation (Domestic),Navigation (Domestic),"1,023.40",Waverley,Eastern Harbour City,Six Cities,18050
2019,1,Transport,Navigation (Domestic),Navigation (Domestic),191.9,Weddin,Central West and Orana,Regional,18100
2019,1,Transport,Navigation (Domestic),Navigation (Domestic),718.1,Wentworth,Far West,Regional,18200
2019,1,Transport,Navigation (Domestic),Navigation (Domestic),822.5,Willoughby,Eastern Harbour City,Six Cities,18250
2019,1,Transport,Navigation (Domestic),Navigation (Domestic),"1,247.20",Wingecarribee,South East and Tablelands,Regional,18350
2019,1,Transport,Navigation (Domestic),Navigation (Domestic),"1,489.80",Wollondilly,Western Parkland City,Six Cities,18400
2019,1,Transport,Navigation (Domestic),Navigation (Domestic),"25,680.30",Wollongong,Illawarra-Shoalhaven City,Six Cities,18450
2019,1,Transport,Navigation (Domestic),Navigation (Domestic),"1,137.80",Woollahra,Eastern Harbour City,Six Cities,18500
2019,1,Transport,Navigation (Domestic),Navigation (Domestic),790.7,Yass Valley,South East and Tablelands,Regional,18710
2016,1,Transport,On-road,Light Duty Vehicles,159005.9,Albury,Riverina Murray,Regional,10050
2016,1,Transport,On-road,Light Duty Vehicles,95578.6,Armidale Regional,New England North West,Regional,10130
2016,1,Transport,On-road,Light Duty Vehicles,160343.0,Ballina,North Coast,Regional,10250
2016,1,Transport,On-road,Light Duty Vehicles,10693.4,Balranald,Far West,Regional,10300
2016,1,Transport,On-road,Light Duty Vehicles,135949.5,Bathurst Regional,Central West and Orana,Regional,10470
2016,1,Transport,On-road,Light Duty Vehicles,314515.0,Bayside,Eastern Harbour City,Six Cities,10500
2016,1,Transport,On-road,Light Duty Vehicles,107186.8,Bega Valley,South East and Tablelands,Regional,10550
2016,1,Transport,On-road,Light Duty Vehicles,53821.7,Bellingen,North Coast,Regional,10600
2016,1,Transport,On-road,Light Duty Vehicles,20224.2,Berrigan,Riverina Murray,Regional,10650
2016,1,Transport,On-road,Light Duty Vehicles,622799.7,Blacktown,Central River City,Six Cities,10750
2016,1,Transport,On-road,Light Duty Vehicles,24129.3,Bland,Riverina Murray,Regional,10800
2016,1,Transport,On-road,Light Duty Vehicles,25861.3,Blayney,Central West and Orana,Regional,10850
2016,1,Transport,On-road,Light Duty Vehicles,188234.9,Blue Mountains,Western Parkland City,Six Cities,10900
2016,1,Transport,On-road,Light Duty Vehicles,10973.2,Bogan,Central West and Orana,Regional,10950
2016,1,Transport,On-road,Light Duty Vehicles,7018.6,Bourke,Far West,Regional,11150
2016,1,Transport,On-road,Light Duty Vehicles,4115.9,Brewarrina,Far West,Regional,11200
2016,1,Transport,On-road,Light Duty Vehicles,38496.1,Broken Hill,Far West,Regional,11250
2016,1,Transport,On-road,Light Duty Vehicles,51399.1,Burwood,Eastern Harbour City,Six Cities,11300
2016,1,Transport,On-road,Light Duty Vehicles,133750.8,Byron,North Coast,Regional,11350
2016,1,Transport,On-road,Light Duty Vehicles,83681.7,Cabonne,Central West and Orana,Regional,11400
2016,1,Transport,On-road,Light Duty Vehicles,158660.3,Camden,Western Parkland City,Six Cities,11450
2016,1,Transport,On-road,Light Duty Vehicles,278188.0,Campbelltown,Western Parkland City,Six Cities,11500
2016,1,Transport,On-road,Light Duty Vehicles,137297.5,Canada Bay,Eastern Harbour City,Six Cities,11520
2016,1,Transport,On-road,Light Duty Vehicles,526366.0,Canterbury-Bankstown,Central River City,Six Cities,11570
2016,1,Transport,On-road,Light Duty Vehicles,40465.5,Carrathool,Riverina Murray,Regional,11600
2016,1,Transport,On-road,Light Duty Vehicles,865708.0,Central Coast,Central Coast City,Six Cities,11650
2016,1,Transport,On-road,Light Duty Vehicles,10051.4,Central Darling,Far West,Regional,11700
2016,1,Transport,On-road,Light Duty Vehicles,156846.8,Cessnock,Lower Hunter and Greater Newcastle City,Six Cities,11720
2016,1,Transport,On-road,Light Duty Vehicles,224636.5,Clarence Valley,North Coast,Regional,11730
2016,1,Transport,On-road,Light Duty Vehicles,13672.5,Cobar,Far West,Regional,11750
2016,1,Transport,On-road,Light Duty Vehicles,258369.5,Coffs Harbour,North Coast,Regional,11800
2016,1,Transport,On-road,Light Duty Vehicles,12516.2,Coolamon,Riverina Murray,Regional,12000
2016,1,Transport,On-road,Light Duty Vehicles,13378.4,Coonamble,Central West and Orana,Regional,12150
2016,1,Transport,On-road,Light Duty Vehicles,57101.6,Cootamundra-Gundagai Regional,Riverina Murray,Regional,12160
2016,1,Transport,On-road,Light Duty Vehicles,46716.7,Cowra,Central West and Orana,Regional,12350
2016,1,Transport,On-road,Light Duty Vehicles,356392.4,Cumberland,Central River City,Six Cities,12380
2016,1,Transport,On-road,Light Duty Vehicles,185605.2,Dubbo Regional,Central West and Orana,Regional,12390
2016,1,Transport,On-road,Light Duty Vehicles,3248.4,Dungog,Upper Hunter,Regional,12700
2016,1,Transport,On-road,Light Duty Vehicles,34905.3,Edward River,Riverina Murray,Regional,12730
2016,1,Transport,On-road,Light Duty Vehicles,124114.6,Eurobodalla,South East and Tablelands,Regional,12750
2016,1,Transport,On-road,Light Duty Vehicles,272367.5,Fairfield,Western Parkland City,Six Cities,12850
2016,1,Transport,On-road,Light Duty Vehicles,35915.2,Federation,Riverina Murray,Regional,12870
2016,1,Transport,On-road,Light Duty Vehicles,32345.1,Forbes,Central West and Orana,Regional,12900
2016,1,Transport,On-road,Light Duty Vehicles,163277.9,Georges River,Central River City,Six Cities,12930
2016,1,Transport,On-road,Light Duty Vehicles,15976.9,Gilgandra,Central West and Orana,Regional,12950
2016,1,Transport,On-road,Light Duty Vehicles,27571.8,Glen Innes Severn,New England North West,Regional,13010
2016,1,Transport,On-road,Light Duty Vehicles,155006.5,Goulburn Mulwaree,South East and Tablelands,Regional,13310
2016,1,Transport,On-road,Light Duty Vehicles,60011.9,Greater Hume Shire,Riverina Murray,Regional,13340
2016,1,Transport,On-road,Light Duty Vehicles,100950.9,Griffith,Riverina Murray,Regional,13450
2016,1,Transport,On-road,Light Duty Vehicles,42771.3,Gunnedah,New England North West,Regional,13550
2016,1,Transport,On-road,Light Duty Vehicles,17533.0,Gwydir,New England North West,Regional,13660
2016,1,Transport,On-road,Light Duty Vehicles,59754.9,Hawkesbury,Western Parkland City,Six Cities,13800
2016,1,Transport,On-road,Light Duty Vehicles,9732.4,Hay,Riverina Murray,Regional,13850
2016,1,Transport,On-road,Light Duty Vehicles,75573.8,Hilltops,South East and Tablelands,Regional,13910
2016,1,Transport,On-road,Light Duty Vehicles,297505.2,Hornsby,Eastern Harbour City,Six Cities,14000
2016,1,Transport,On-road,Light Duty Vehicles,22715.6,Hunters Hill,Eastern Harbour City,Six Cities,14100
2016,1,Transport,On-road,Light Duty Vehicles,285970.2,Inner West,Eastern Harbour City,Six Cities,14170
2016,1,Transport,On-road,Light Duty Vehicles,60451.2,Inverell,New England North West,Regional,14200
2016,1,Transport,On-road,Light Duty Vehicles,25886.3,Junee,Riverina Murray,Regional,14300
2016,1,Transport,On-road,Light Duty Vehicles,119221.5,Kempsey,North Coast,Regional,14350
2016,1,Transport,On-road,Light Duty Vehicles,52619.7,Kiama,Illawarra-Shoalhaven City,Six Cities,14400
2016,1,Transport,On-road,Light Duty Vehicles,192558.6,Ku-Ring-Gai,Eastern Harbour City,Six Cities,14500
2016,1,Transport,On-road,Light Duty Vehicles,38595.6,Kyogle,North Coast,Regional,14550
2016,1,Transport,On-road,Light Duty Vehicles,16571.9,Lachlan,Central West and Orana,Regional,14600
2016,1,Transport,On-road,Light Duty Vehicles,502687.4,Lake Macquarie,Lower Hunter and Greater Newcastle City,Six Cities,14650
2016,1,Transport,On-road,Light Duty Vehicles,75308.2,Lane Cove,Eastern Harbour City,Six Cities,14700
2016,1,Transport,On-road,Light Duty Vehicles,29630.7,Leeton,Riverina Murray,Regional,14750
2016,1,Transport,On-road,Light Duty Vehicles,176314.3,Lismore,North Coast,Regional,14850
2016,1,Transport,On-road,Light Duty Vehicles,89748.3,Lithgow,Central West and Orana,Regional,14870
2016,1,Transport,On-road,Light Duty Vehicles,445528.9,Liverpool,Western Parkland City,Six Cities,14900
2016,1,Transport,On-road,Light Duty Vehicles,30006.5,Liverpool Plains,New England North West,Regional,14920
2016,1,Transport,On-road,Light Duty Vehicles,10269.2,Lockhart,Riverina Murray,Regional,14950
2016,1,Transport,On-road,Light Duty Vehicles,143588.7,Maitland,Lower Hunter and Greater Newcastle City,Six Cities,15050
2016,1,Transport,On-road,Light Duty Vehicles,359709.1,Mid-Coast,Upper Hunter,Regional,15240
2016,1,Transport,On-road,Light Duty Vehicles,90120.3,Mid-Western Regional,Central West and Orana,Regional,15270
2016,1,Transport,On-road,Light Duty Vehicles,42204.9,Moree Plains,New England North West,Regional,15300
2016,1,Transport,On-road,Light Duty Vehicles,25528.0,Mosman,Eastern Harbour City,Six Cities,15350
2016,1,Transport,On-road,Light Duty Vehicles,29311.9,Murray River,Riverina Murray,Regional,15520
2016,1,Transport,On-road,Light Duty Vehicles,15704.2,Murrumbidgee,Riverina Murray,Regional,15560
2016,1,Transport,On-road,Light Duty Vehicles,61366.4,Muswellbrook,Upper Hunter,Regional,15650
2016,1,Transport,On-road,Light Duty Vehicles,81241.6,Nambucca,North Coast,Regional,15700
2016,1,Transport,On-road,Light Duty Vehicles,55776.1,Narrabri,New England North West,Regional,15750
2016,1,Transport,On-road,Light Duty Vehicles,26611.4,Narrandera,Riverina Murray,Regional,15800
2016,1,Transport,On-road,Light Duty Vehicles,26006.0,Narromine,Central West and Orana,Regional,15850
2016,1,Transport,On-road,Light Duty Vehicles,326239.7,Newcastle,Lower Hunter and Greater Newcastle City,Six Cities,15900
2016,1,Transport,On-road,Light Duty Vehicles,108554.7,North Sydney,Eastern Harbour City,Six Cities,15950
2016,1,Transport,On-road,Light Duty Vehicles,279280.1,Northern Beaches,Eastern Harbour City,Six Cities,15990
2016,1,Transport,On-road,Light Duty Vehicles,25568.2,Oberon,Central West and Orana,Regional,16100
2016,1,Transport,On-road,Light Duty Vehicles,106583.7,Orange,Central West and Orana,Regional,16150
2016,1,Transport,On-road,Light Duty Vehicles,55619.5,Parkes,Central West and Orana,Regional,16200
2016,1,Transport,On-road,Light Duty Vehicles,454815.8,Parramatta,Central River City,Six Cities,16260
2016,1,Transport,On-road,Light Duty Vehicles,349271.4,Penrith,Western Parkland City,Six Cities,16350
2016,1,Transport,On-road,Light Duty Vehicles,274494.9,Port Macquarie-Hastings,North Coast,Regional,16380
2016,1,Transport,On-road,Light Duty Vehicles,149465.3,Port Stephens,Lower Hunter and Greater Newcastle City,Six Cities,16400
2016,1,Transport,On-road,Light Duty Vehicles,178045.6,Queanbeyan-Palerang Regional,South East and Tablelands,Regional,16490
2016,1,Transport,On-road,Light Duty Vehicles,99684.8,Randwick,Eastern Harbour City,Six Cities,16550
2016,1,Transport,On-road,Light Duty Vehicles,101335.1,Richmond Valley,North Coast,Regional,16610
2016,1,Transport,On-road,Light Duty Vehicles,252527.2,Ryde,Eastern Harbour City,Six Cities,16700
2016,1,Transport,On-road,Light Duty Vehicles,103507.8,Shellharbour,Illawarra-Shoalhaven City,Six Cities,16900
2016,1,Transport,On-road,Light Duty Vehicles,365526.6,Shoalhaven,Illawarra-Shoalhaven City,Six Cities,16950
2016,1,Transport,On-road,Light Duty Vehicles,15138.8,Singleton,Upper Hunter,Regional,17000
2016,1,Transport,On-road,Light Duty Vehicles,86159.5,Snowy Monaro Regional,South East and Tablelands,Regional,17040
2016,1,Transport,On-road,Light Duty Vehicles,38735.6,Snowy Valleys,Riverina Murray,Regional,17080
2016,1,Transport,On-road,Light Duty Vehicles,105057.0,Strathfield,Eastern Harbour City,Six Cities,17100
2016,1,Transport,On-road,Light Duty Vehicles,344339.5,Sutherland Shire,Central River City,Six Cities,17150
2016,1,Transport,On-road,Light Duty Vehicles,351491.1,Sydney,Eastern Harbour City,Six Cities,17200
2016,1,Transport,On-road,Light Duty Vehicles,217545.0,Tamworth Regional,New England North West,Regional,17310
2016,1,Transport,On-road,Light Duty Vehicles,19569.7,Temora,Riverina Murray,Regional,17350
2016,1,Transport,On-road,Light Duty Vehicles,19819.4,Tenterfield,New England North West,Regional,17400
2016,1,Transport,On-road,Light Duty Vehicles,234566.5,The Hills Shire,Central River City,Six Cities,17420
2016,1,Transport,On-road,Light Duty Vehicles,286505.2,Tweed,North Coast,Regional,17550
2016,1,Transport,On-road,Light Duty Vehicles,16890.5,Unincorporated NSW,Far West,Regional,19399
2016,1,Transport,On-road,Light Duty Vehicles,66536.5,Upper Hunter Shire,Upper Hunter,Regional,17620
2016,1,Transport,On-road,Light Duty Vehicles,69728.8,Upper Lachlan Shire,South East and Tablelands,Regional,17640
2016,1,Transport,On-road,Light Duty Vehicles,26707.6,Uralla,New England North West,Regional,17650
2016,1,Transport,On-road,Light Duty Vehicles,229808.4,Wagga Wagga,Riverina Murray,Regional,17750
2016,1,Transport,On-road,Light Duty Vehicles,9461.4,Walcha,New England North West,Regional,17850
2016,1,Transport,On-road,Light Duty Vehicles,18223.4,Walgett,Far West,Regional,17900
2016,1,Transport,On-road,Light Duty Vehicles,11573.9,Warren,Central West and Orana,Regional,17950
2016,1,Transport,On-road,Light Duty Vehicles,48457.9,Warrumbungle Shire,Central West and Orana,Regional,18020
2016,1,Transport,On-road,Light Duty Vehicles,28262.9,Waverley,Eastern Harbour City,Six Cities,18050
2016,1,Transport,On-road,Light Duty Vehicles,12963.9,Weddin,Central West and Orana,Regional,18100
2016,1,Transport,On-road,Light Duty Vehicles,18363.0,Wentworth,Far West,Regional,18200
2016,1,Transport,On-road,Light Duty Vehicles,121996.1,Willoughby,Eastern Harbour City,Six Cities,18250
2016,1,Transport,On-road,Light Duty Vehicles,225163.4,Wingecarribee,South East and Tablelands,Regional,18350
2016,1,Transport,On-road,Light Duty Vehicles,112085.8,Wollondilly,Western Parkland City,Six Cities,18400
2016,1,Transport,On-road,Light Duty Vehicles,402943.2,Wollongong,Illawarra-Shoalhaven City,Six Cities,18450
2016,1,Transport,On-road,Light Duty Vehicles,43930.5,Woollahra,Eastern Harbour City,Six Cities,18500
2016,1,Transport,On-road,Light Duty Vehicles,124282.1,Yass Valley,South East and Tablelands,Regional,18710
2017,1,Transport,On-road,Light Duty Vehicles,168891.0,Albury,Riverina Murray,Regional,10050
2017,1,Transport,On-road,Light Duty Vehicles,101466.1,Armidale Regional,New England North West,Regional,10130
2017,1,Transport,On-road,Light Duty Vehicles,170242.4,Ballina,North Coast,Regional,10250
2017,1,Transport,On-road,Light Duty Vehicles,11351.7,Balranald,Far West,Regional,10300
2017,1,Transport,On-road,Light Duty Vehicles,144315.9,Bathurst Regional,Central West and Orana,Regional,10470
2017,1,Transport,On-road,Light Duty Vehicles,333169.1,Bayside,Eastern Harbour City,Six Cities,10500
2017,1,Transport,On-road,Light Duty Vehicles,113797.6,Bega Valley,South East and Tablelands,Regional,10550
2017,1,Transport,On-road,Light Duty Vehicles,57134.5,Bellingen,North Coast,Regional,10600
2017,1,Transport,On-road,Light Duty Vehicles,21487.0,Berrigan,Riverina Murray,Regional,10650
2017,1,Transport,On-road,Light Duty Vehicles,659881.0,Blacktown,Central River City,Six Cities,10750
2017,1,Transport,On-road,Light Duty Vehicles,25615.6,Bland,Riverina Murray,Regional,10800
2017,1,Transport,On-road,Light Duty Vehicles,27455.2,Blayney,Central West and Orana,Regional,10850
2017,1,Transport,On-road,Light Duty Vehicles,199893.7,Blue Mountains,Western Parkland City,Six Cities,10900
2017,1,Transport,On-road,Light Duty Vehicles,11649.2,Bogan,Central West and Orana,Regional,10950
2017,1,Transport,On-road,Light Duty Vehicles,7455.3,Bourke,Far West,Regional,11150
2017,1,Transport,On-road,Light Duty Vehicles,4372.5,Brewarrina,Far West,Regional,11200
2017,1,Transport,On-road,Light Duty Vehicles,40907.6,Broken Hill,Far West,Regional,11250
2017,1,Transport,On-road,Light Duty Vehicles,54445.8,Burwood,Eastern Harbour City,Six Cities,11300
2017,1,Transport,On-road,Light Duty Vehicles,141997.3,Byron,North Coast,Regional,11350
2017,1,Transport,On-road,Light Duty Vehicles,88805.2,Cabonne,Central West and Orana,Regional,11400
2017,1,Transport,On-road,Light Duty Vehicles,168070.3,Camden,Western Parkland City,Six Cities,11450
2017,1,Transport,On-road,Light Duty Vehicles,294719.1,Campbelltown,Western Parkland City,Six Cities,11500
2017,1,Transport,On-road,Light Duty Vehicles,145417.3,Canada Bay,Eastern Harbour City,Six Cities,11520
2017,1,Transport,On-road,Light Duty Vehicles,557711.8,Canterbury-Bankstown,Central River City,Six Cities,11570
2017,1,Transport,On-road,Light Duty Vehicles,42927.5,Carrathool,Riverina Murray,Regional,11600
2017,1,Transport,On-road,Light Duty Vehicles,917480.9,Central Coast,Central Coast City,Six Cities,11650
2017,1,Transport,On-road,Light Duty Vehicles,10668.5,Central Darling,Far West,Regional,11700
2017,1,Transport,On-road,Light Duty Vehicles,166319.5,Cessnock,Lower Hunter and Greater Newcastle City,Six Cities,11720
2017,1,Transport,On-road,Light Duty Vehicles,238432.6,Clarence Valley,North Coast,Regional,11730
2017,1,Transport,On-road,Light Duty Vehicles,14521.2,Cobar,Far West,Regional,11750
2017,1,Transport,On-road,Light Duty Vehicles,274322.5,Coffs Harbour,North Coast,Regional,11800
2017,1,Transport,On-road,Light Duty Vehicles,13293.2,Coolamon,Riverina Murray,Regional,12000
2017,1,Transport,On-road,Light Duty Vehicles,14205.3,Coonamble,Central West and Orana,Regional,12150
2017,1,Transport,On-road,Light Duty Vehicles,60613.7,Cootamundra-Gundagai Regional,Riverina Murray,Regional,12160
2017,1,Transport,On-road,Light Duty Vehicles,49593.3,Cowra,Central West and Orana,Regional,12350
2017,1,Transport,On-road,Light Duty Vehicles,377576.2,Cumberland,Central River City,Six Cities,12380
2017,1,Transport,On-road,Light Duty Vehicles,197070.0,Dubbo Regional,Central West and Orana,Regional,12390
2017,1,Transport,On-road,Light Duty Vehicles,3462.1,Dungog,Upper Hunter,Regional,12700
2017,1,Transport,On-road,Light Duty Vehicles,37055.9,Edward River,Riverina Murray,Regional,12730
2017,1,Transport,On-road,Light Duty Vehicles,131735.9,Eurobodalla,South East and Tablelands,Regional,12750
2017,1,Transport,On-road,Light Duty Vehicles,288577.8,Fairfield,Western Parkland City,Six Cities,12850
2017,1,Transport,On-road,Light Duty Vehicles,38141.2,Federation,Riverina Murray,Regional,12870
2017,1,Transport,On-road,Light Duty Vehicles,34345.4,Forbes,Central West and Orana,Regional,12900
2017,1,Transport,On-road,Light Duty Vehicles,172993.4,Georges River,Central River City,Six Cities,12930
2017,1,Transport,On-road,Light Duty Vehicles,16963.3,Gilgandra,Central West and Orana,Regional,12950
2017,1,Transport,On-road,Light Duty Vehicles,29280.9,Glen Innes Severn,New England North West,Regional,13010
2017,1,Transport,On-road,Light Duty Vehicles,164521.2,Goulburn Mulwaree,South East and Tablelands,Regional,13310
2017,1,Transport,On-road,Light Duty Vehicles,63699.4,Greater Hume Shire,Riverina Murray,Regional,13340
2017,1,Transport,On-road,Light Duty Vehicles,107171.9,Griffith,Riverina Murray,Regional,13450
2017,1,Transport,On-road,Light Duty Vehicles,45416.6,Gunnedah,New England North West,Regional,13550
2017,1,Transport,On-road,Light Duty Vehicles,18617.0,Gwydir,New England North West,Regional,13660
2017,1,Transport,On-road,Light Duty Vehicles,63365.2,Hawkesbury,Western Parkland City,Six Cities,13800
2017,1,Transport,On-road,Light Duty Vehicles,10335.2,Hay,Riverina Murray,Regional,13850
2017,1,Transport,On-road,Light Duty Vehicles,80228.0,Hilltops,South East and Tablelands,Regional,13910
2017,1,Transport,On-road,Light Duty Vehicles,315307.1,Hornsby,Eastern Harbour City,Six Cities,14000
2017,1,Transport,On-road,Light Duty Vehicles,24059.0,Hunters Hill,Eastern Harbour City,Six Cities,14100
2017,1,Transport,On-road,Light Duty Vehicles,302907.2,Inner West,Eastern Harbour City,Six Cities,14170
2017,1,Transport,On-road,Light Duty Vehicles,64176.5,Inverell,New England North West,Regional,14200
2017,1,Transport,On-road,Light Duty Vehicles,27481.6,Junee,Riverina Murray,Regional,14300
2017,1,Transport,On-road,Light Duty Vehicles,126574.4,Kempsey,North Coast,Regional,14350
2017,1,Transport,On-road,Light Duty Vehicles,55802.4,Kiama,Illawarra-Shoalhaven City,Six Cities,14400
2017,1,Transport,On-road,Light Duty Vehicles,203943.5,Ku-Ring-Gai,Eastern Harbour City,Six Cities,14500
2017,1,Transport,On-road,Light Duty Vehicles,40970.1,Kyogle,North Coast,Regional,14550
2017,1,Transport,On-road,Light Duty Vehicles,17597.7,Lachlan,Central West and Orana,Regional,14600
2017,1,Transport,On-road,Light Duty Vehicles,532911.6,Lake Macquarie,Lower Hunter and Greater Newcastle City,Six Cities,14650
2017,1,Transport,On-road,Light Duty Vehicles,79741.1,Lane Cove,Eastern Harbour City,Six Cities,14700
2017,1,Transport,On-road,Light Duty Vehicles,31467.3,Leeton,Riverina Murray,Regional,14750
2017,1,Transport,On-road,Light Duty Vehicles,187137.1,Lismore,North Coast,Regional,14850
2017,1,Transport,On-road,Light Duty Vehicles,95243.6,Lithgow,Central West and Orana,Regional,14870
2017,1,Transport,On-road,Light Duty Vehicles,472099.0,Liverpool,Western Parkland City,Six Cities,14900
2017,1,Transport,On-road,Light Duty Vehicles,31855.4,Liverpool Plains,New England North West,Regional,14920
2017,1,Transport,On-road,Light Duty Vehicles,10904.8,Lockhart,Riverina Murray,Regional,14950
2017,1,Transport,On-road,Light Duty Vehicles,152109.1,Maitland,Lower Hunter and Greater Newcastle City,Six Cities,15050
2017,1,Transport,On-road,Light Duty Vehicles,381816.9,Mid-Coast,Upper Hunter,Regional,15240
2017,1,Transport,On-road,Light Duty Vehicles,95663.1,Mid-Western Regional,Central West and Orana,Regional,15270
2017,1,Transport,On-road,Light Duty Vehicles,44821.0,Moree Plains,New England North West,Regional,15300
2017,1,Transport,On-road,Light Duty Vehicles,27053.5,Mosman,Eastern Harbour City,Six Cities,15350
2017,1,Transport,On-road,Light Duty Vehicles,31141.4,Murray River,Riverina Murray,Regional,15520
2017,1,Transport,On-road,Light Duty Vehicles,16671.7,Murrumbidgee,Riverina Murray,Regional,15560
2017,1,Transport,On-road,Light Duty Vehicles,65127.4,Muswellbrook,Upper Hunter,Regional,15650
2017,1,Transport,On-road,Light Duty Vehicles,86241.6,Nambucca,North Coast,Regional,15700
2017,1,Transport,On-road,Light Duty Vehicles,59210.7,Narrabri,New England North West,Regional,15750
2017,1,Transport,On-road,Light Duty Vehicles,28247.7,Narrandera,Riverina Murray,Regional,15800
2017,1,Transport,On-road,Light Duty Vehicles,27609.7,Narromine,Central West and Orana,Regional,15850
2017,1,Transport,On-road,Light Duty Vehicles,345646.5,Newcastle,Lower Hunter and Greater Newcastle City,Six Cities,15900
2017,1,Transport,On-road,Light Duty Vehicles,115009.4,North Sydney,Eastern Harbour City,Six Cities,15950
2017,1,Transport,On-road,Light Duty Vehicles,295769.4,Northern Beaches,Eastern Harbour City,Six Cities,15990
2017,1,Transport,On-road,Light Duty Vehicles,27128.4,Oberon,Central West and Orana,Regional,16100
2017,1,Transport,On-road,Light Duty Vehicles,113186.2,Orange,Central West and Orana,Regional,16150
2017,1,Transport,On-road,Light Duty Vehicles,59050.2,Parkes,Central West and Orana,Regional,16200
2017,1,Transport,On-road,Light Duty Vehicles,481884.6,Parramatta,Central River City,Six Cities,16260
2017,1,Transport,On-road,Light Duty Vehicles,370076.3,Penrith,Western Parkland City,Six Cities,16350
2017,1,Transport,On-road,Light Duty Vehicles,291431.4,Port Macquarie-Hastings,North Coast,Regional,16380
2017,1,Transport,On-road,Light Duty Vehicles,158372.9,Port Stephens,Lower Hunter and Greater Newcastle City,Six Cities,16400
2017,1,Transport,On-road,Light Duty Vehicles,189022.9,Queanbeyan-Palerang Regional,South East and Tablelands,Regional,16490
2017,1,Transport,On-road,Light Duty Vehicles,105583.1,Randwick,Eastern Harbour City,Six Cities,16550
2017,1,Transport,On-road,Light Duty Vehicles,107571.9,Richmond Valley,North Coast,Regional,16610
2017,1,Transport,On-road,Light Duty Vehicles,267414.0,Ryde,Eastern Harbour City,Six Cities,16700
2017,1,Transport,On-road,Light Duty Vehicles,109678.1,Shellharbour,Illawarra-Shoalhaven City,Six Cities,16900
2017,1,Transport,On-road,Light Duty Vehicles,387953.2,Shoalhaven,Illawarra-Shoalhaven City,Six Cities,16950
2017,1,Transport,On-road,Light Duty Vehicles,16073.8,Singleton,Upper Hunter,Regional,17000
2017,1,Transport,On-road,Light Duty Vehicles,91465.6,Snowy Monaro Regional,South East and Tablelands,Regional,17040
2017,1,Transport,On-road,Light Duty Vehicles,41128.0,Snowy Valleys,Riverina Murray,Regional,17080
2017,1,Transport,On-road,Light Duty Vehicles,111293.9,Strathfield,Eastern Harbour City,Six Cities,17100
2017,1,Transport,On-road,Light Duty Vehicles,364834.5,Sutherland Shire,Central River City,Six Cities,17150
2017,1,Transport,On-road,Light Duty Vehicles,372302.6,Sydney,Eastern Harbour City,Six Cities,17200
2017,1,Transport,On-road,Light Duty Vehicles,230955.6,Tamworth Regional,New England North West,Regional,17310
2017,1,Transport,On-road,Light Duty Vehicles,20778.8,Temora,Riverina Murray,Regional,17350
2017,1,Transport,On-road,Light Duty Vehicles,21048.7,Tenterfield,New England North West,Regional,17400
2017,1,Transport,On-road,Light Duty Vehicles,248534.7,The Hills Shire,Central River City,Six Cities,17420
2017,1,Transport,On-road,Light Duty Vehicles,304270.4,Tweed,North Coast,Regional,17550
2017,1,Transport,On-road,Light Duty Vehicles,17914.4,Unincorporated NSW,Far West,Regional,19399
2017,1,Transport,On-road,Light Duty Vehicles,70604.2,Upper Hunter Shire,Upper Hunter,Regional,17620
2017,1,Transport,On-road,Light Duty Vehicles,73977.1,Upper Lachlan Shire,South East and Tablelands,Regional,17640
2017,1,Transport,On-road,Light Duty Vehicles,28345.0,Uralla,New England North West,Regional,17650
2017,1,Transport,On-road,Light Duty Vehicles,243992.0,Wagga Wagga,Riverina Murray,Regional,17750
2017,1,Transport,On-road,Light Duty Vehicles,10045.7,Walcha,New England North West,Regional,17850
2017,1,Transport,On-road,Light Duty Vehicles,19353.5,Walgett,Far West,Regional,17900
2017,1,Transport,On-road,Light Duty Vehicles,12286.3,Warren,Central West and Orana,Regional,17950
2017,1,Transport,On-road,Light Duty Vehicles,51431.3,Warrumbungle Shire,Central West and Orana,Regional,18020
2017,1,Transport,On-road,Light Duty Vehicles,29930.9,Waverley,Eastern Harbour City,Six Cities,18050
2017,1,Transport,On-road,Light Duty Vehicles,13764.5,Weddin,Central West and Orana,Regional,18100
2017,1,Transport,On-road,Light Duty Vehicles,19507.4,Wentworth,Far West,Regional,18200
2017,1,Transport,On-road,Light Duty Vehicles,129206.7,Willoughby,Eastern Harbour City,Six Cities,18250
2017,1,Transport,On-road,Light Duty Vehicles,238813.7,Wingecarribee,South East and Tablelands,Regional,18350
2017,1,Transport,On-road,Light Duty Vehicles,118854.4,Wollondilly,Western Parkland City,Six Cities,18400
2017,1,Transport,On-road,Light Duty Vehicles,427101.8,Wollongong,Illawarra-Shoalhaven City,Six Cities,18450
2017,1,Transport,On-road,Light Duty Vehicles,46535.1,Woollahra,Eastern Harbour City,Six Cities,18500
2017,1,Transport,On-road,Light Duty Vehicles,131884.1,Yass Valley,South East and Tablelands,Regional,18710
2018,1,Transport,On-road,Light Duty Vehicles,173917.2,Albury,Riverina Murray,Regional,10050
2018,1,Transport,On-road,Light Duty Vehicles,103970.1,Armidale Regional,New England North West,Regional,10130
2018,1,Transport,On-road,Light Duty Vehicles,174655.9,Ballina,North Coast,Regional,10250
2018,1,Transport,On-road,Light Duty Vehicles,11627.2,Balranald,Far West,Regional,10300
2018,1,Transport,On-road,Light Duty Vehicles,147800.8,Bathurst Regional,Central West and Orana,Regional,10470
2018,1,Transport,On-road,Light Duty Vehicles,334555.3,Bayside,Eastern Harbour City,Six Cities,10500
2018,1,Transport,On-road,Light Duty Vehicles,116683.5,Bega Valley,South East and Tablelands,Regional,10550
2018,1,Transport,On-road,Light Duty Vehicles,58519.6,Bellingen,North Coast,Regional,10600
2018,1,Transport,On-road,Light Duty Vehicles,22178.9,Berrigan,Riverina Murray,Regional,10650
2018,1,Transport,On-road,Light Duty Vehicles,663984.2,Blacktown,Central River City,Six Cities,10750
2018,1,Transport,On-road,Light Duty Vehicles,26246.6,Bland,Riverina Murray,Regional,10800
2018,1,Transport,On-road,Light Duty Vehicles,28140.6,Blayney,Central West and Orana,Regional,10850
2018,1,Transport,On-road,Light Duty Vehicles,205431.0,Blue Mountains,Western Parkland City,Six Cities,10900
2018,1,Transport,On-road,Light Duty Vehicles,11937.2,Bogan,Central West and Orana,Regional,10950
2018,1,Transport,On-road,Light Duty Vehicles,7680.9,Bourke,Far West,Regional,11150
2018,1,Transport,On-road,Light Duty Vehicles,4509.6,Brewarrina,Far West,Regional,11200
2018,1,Transport,On-road,Light Duty Vehicles,42298.6,Broken Hill,Far West,Regional,11250
2018,1,Transport,On-road,Light Duty Vehicles,54655.4,Burwood,Eastern Harbour City,Six Cities,11300
2018,1,Transport,On-road,Light Duty Vehicles,145572.9,Byron,North Coast,Regional,11350
2018,1,Transport,On-road,Light Duty Vehicles,90700.3,Cabonne,Central West and Orana,Regional,11400
2018,1,Transport,On-road,Light Duty Vehicles,168766.9,Camden,Western Parkland City,Six Cities,11450
2018,1,Transport,On-road,Light Duty Vehicles,296246.6,Campbelltown,Western Parkland City,Six Cities,11500
2018,1,Transport,On-road,Light Duty Vehicles,145799.9,Canada Bay,Eastern Harbour City,Six Cities,11520
2018,1,Transport,On-road,Light Duty Vehicles,561237.5,Canterbury-Bankstown,Central River City,Six Cities,11570
2018,1,Transport,On-road,Light Duty Vehicles,43695.5,Carrathool,Riverina Murray,Regional,11600
2018,1,Transport,On-road,Light Duty Vehicles,925363.7,Central Coast,Central Coast City,Six Cities,11650
2018,1,Transport,On-road,Light Duty Vehicles,10912.0,Central Darling,Far West,Regional,11700
2018,1,Transport,On-road,Light Duty Vehicles,168629.8,Cessnock,Lower Hunter and Greater Newcastle City,Six Cities,11720
2018,1,Transport,On-road,Light Duty Vehicles,243923.4,Clarence Valley,North Coast,Regional,11730
2018,1,Transport,On-road,Light Duty Vehicles,14941.2,Cobar,Far West,Regional,11750
2018,1,Transport,On-road,Light Duty Vehicles,281449.4,Coffs Harbour,North Coast,Regional,11800
2018,1,Transport,On-road,Light Duty Vehicles,13678.5,Coolamon,Riverina Murray,Regional,12000
2018,1,Transport,On-road,Light Duty Vehicles,14583.2,Coonamble,Central West and Orana,Regional,12150
2018,1,Transport,On-road,Light Duty Vehicles,62058.9,Cootamundra-Gundagai Regional,Riverina Murray,Regional,12160
2018,1,Transport,On-road,Light Duty Vehicles,50806.7,Cowra,Central West and Orana,Regional,12350
2018,1,Transport,On-road,Light Duty Vehicles,379584.6,Cumberland,Central River City,Six Cities,12380
2018,1,Transport,On-road,Light Duty Vehicles,202233.7,Dubbo Regional,Central West and Orana,Regional,12390
2018,1,Transport,On-road,Light Duty Vehicles,3676.3,Dungog,Upper Hunter,Regional,12700
2018,1,Transport,On-road,Light Duty Vehicles,37973.8,Edward River,Riverina Murray,Regional,12730
2018,1,Transport,On-road,Light Duty Vehicles,134757.8,Eurobodalla,South East and Tablelands,Regional,12750
2018,1,Transport,On-road,Light Duty Vehicles,290311.8,Fairfield,Western Parkland City,Six Cities,12850
2018,1,Transport,On-road,Light Duty Vehicles,39211.6,Federation,Riverina Murray,Regional,12870
2018,1,Transport,On-road,Light Duty Vehicles,35267.7,Forbes,Central West and Orana,Regional,12900
2018,1,Transport,On-road,Light Duty Vehicles,174012.3,Georges River,Central River City,Six Cities,12930
2018,1,Transport,On-road,Light Duty Vehicles,17403.7,Gilgandra,Central West and Orana,Regional,12950
2018,1,Transport,On-road,Light Duty Vehicles,30104.5,Glen Innes Severn,New England North West,Regional,13010
2018,1,Transport,On-road,Light Duty Vehicles,168262.1,Goulburn Mulwaree,South East and Tablelands,Regional,13310
2018,1,Transport,On-road,Light Duty Vehicles,65184.7,Greater Hume Shire,Riverina Murray,Regional,13340
2018,1,Transport,On-road,Light Duty Vehicles,109840.4,Griffith,Riverina Murray,Regional,13450
2018,1,Transport,On-road,Light Duty Vehicles,46639.1,Gunnedah,New England North West,Regional,13550
2018,1,Transport,On-road,Light Duty Vehicles,19114.3,Gwydir,New England North West,Regional,13660
2018,1,Transport,On-road,Light Duty Vehicles,64258.1,Hawkesbury,Western Parkland City,Six Cities,13800
2018,1,Transport,On-road,Light Duty Vehicles,10622.0,Hay,Riverina Murray,Regional,13850
2018,1,Transport,On-road,Light Duty Vehicles,82197.6,Hilltops,South East and Tablelands,Regional,13910
2018,1,Transport,On-road,Light Duty Vehicles,318109.9,Hornsby,Eastern Harbour City,Six Cities,14000
2018,1,Transport,On-road,Light Duty Vehicles,24121.7,Hunters Hill,Eastern Harbour City,Six Cities,14100
2018,1,Transport,On-road,Light Duty Vehicles,303939.0,Inner West,Eastern Harbour City,Six Cities,14170
2018,1,Transport,On-road,Light Duty Vehicles,65774.9,Inverell,New England North West,Regional,14200
2018,1,Transport,On-road,Light Duty Vehicles,28166.4,Junee,Riverina Murray,Regional,14300
2018,1,Transport,On-road,Light Duty Vehicles,129782.5,Kempsey,North Coast,Regional,14350
2018,1,Transport,On-road,Light Duty Vehicles,56623.0,Kiama,Illawarra-Shoalhaven City,Six Cities,14400
2018,1,Transport,On-road,Light Duty Vehicles,204451.0,Ku-Ring-Gai,Eastern Harbour City,Six Cities,14500
2018,1,Transport,On-road,Light Duty Vehicles,41953.6,Kyogle,North Coast,Regional,14550
2018,1,Transport,On-road,Light Duty Vehicles,18079.6,Lachlan,Central West and Orana,Regional,14600
2018,1,Transport,On-road,Light Duty Vehicles,539025.6,Lake Macquarie,Lower Hunter and Greater Newcastle City,Six Cities,14650
2018,1,Transport,On-road,Light Duty Vehicles,79752.0,Lane Cove,Eastern Harbour City,Six Cities,14700
2018,1,Transport,On-road,Light Duty Vehicles,32351.9,Leeton,Riverina Murray,Regional,14750
2018,1,Transport,On-road,Light Duty Vehicles,191393.4,Lismore,North Coast,Regional,14850
2018,1,Transport,On-road,Light Duty Vehicles,97278.7,Lithgow,Central West and Orana,Regional,14870
2018,1,Transport,On-road,Light Duty Vehicles,475448.4,Liverpool,Western Parkland City,Six Cities,14900
2018,1,Transport,On-road,Light Duty Vehicles,32647.2,Liverpool Plains,New England North West,Regional,14920
2018,1,Transport,On-road,Light Duty Vehicles,11201.8,Lockhart,Riverina Murray,Regional,14950
2018,1,Transport,On-road,Light Duty Vehicles,152779.8,Maitland,Lower Hunter and Greater Newcastle City,Six Cities,15050
2018,1,Transport,On-road,Light Duty Vehicles,390763.6,Mid-Coast,Upper Hunter,Regional,15240
2018,1,Transport,On-road,Light Duty Vehicles,97941.8,Mid-Western Regional,Central West and Orana,Regional,15270
2018,1,Transport,On-road,Light Duty Vehicles,46082.1,Moree Plains,New England North West,Regional,15300
2018,1,Transport,On-road,Light Duty Vehicles,27274.9,Mosman,Eastern Harbour City,Six Cities,15350
2018,1,Transport,On-road,Light Duty Vehicles,32136.5,Murray River,Riverina Murray,Regional,15520
2018,1,Transport,On-road,Light Duty Vehicles,17084.8,Murrumbidgee,Riverina Murray,Regional,15560
2018,1,Transport,On-road,Light Duty Vehicles,66552.9,Muswellbrook,Upper Hunter,Regional,15650
2018,1,Transport,On-road,Light Duty Vehicles,88327.3,Nambucca,North Coast,Regional,15700
2018,1,Transport,On-road,Light Duty Vehicles,60660.8,Narrabri,New England North West,Regional,15750
2018,1,Transport,On-road,Light Duty Vehicles,28917.1,Narrandera,Riverina Murray,Regional,15800
2018,1,Transport,On-road,Light Duty Vehicles,28306.6,Narromine,Central West and Orana,Regional,15850
2018,1,Transport,On-road,Light Duty Vehicles,347630.0,Newcastle,Lower Hunter and Greater Newcastle City,Six Cities,15900
2018,1,Transport,On-road,Light Duty Vehicles,115643.5,North Sydney,Eastern Harbour City,Six Cities,15950
2018,1,Transport,On-road,Light Duty Vehicles,296286.6,Northern Beaches,Eastern Harbour City,Six Cities,15990
2018,1,Transport,On-road,Light Duty Vehicles,27658.2,Oberon,Central West and Orana,Regional,16100
2018,1,Transport,On-road,Light Duty Vehicles,116330.7,Orange,Central West and Orana,Regional,16150
2018,1,Transport,On-road,Light Duty Vehicles,60550.8,Parkes,Central West and Orana,Regional,16200
2018,1,Transport,On-road,Light Duty Vehicles,484778.5,Parramatta,Central River City,Six Cities,16260
2018,1,Transport,On-road,Light Duty Vehicles,372466.7,Penrith,Western Parkland City,Six Cities,16350
2018,1,Transport,On-road,Light Duty Vehicles,298887.4,Port Macquarie-Hastings,North Coast,Regional,16380
2018,1,Transport,On-road,Light Duty Vehicles,159438.4,Port Stephens,Lower Hunter and Greater Newcastle City,Six Cities,16400
2018,1,Transport,On-road,Light Duty Vehicles,193781.0,Queanbeyan-Palerang Regional,South East and Tablelands,Regional,16490
2018,1,Transport,On-road,Light Duty Vehicles,105888.6,Randwick,Eastern Harbour City,Six Cities,16550
2018,1,Transport,On-road,Light Duty Vehicles,110175.8,Richmond Valley,North Coast,Regional,16610
2018,1,Transport,On-road,Light Duty Vehicles,267663.4,Ryde,Eastern Harbour City,Six Cities,16700
2018,1,Transport,On-road,Light Duty Vehicles,110431.8,Shellharbour,Illawarra-Shoalhaven City,Six Cities,16900
2018,1,Transport,On-road,Light Duty Vehicles,396676.6,Shoalhaven,Illawarra-Shoalhaven City,Six Cities,16950
2018,1,Transport,On-road,Light Duty Vehicles,16494.1,Singleton,Upper Hunter,Regional,17000
2018,1,Transport,On-road,Light Duty Vehicles,93710.9,Snowy Monaro Regional,South East and Tablelands,Regional,17040
2018,1,Transport,On-road,Light Duty Vehicles,42202.6,Snowy Valleys,Riverina Murray,Regional,17080
2018,1,Transport,On-road,Light Duty Vehicles,111812.3,Strathfield,Eastern Harbour City,Six Cities,17100
2018,1,Transport,On-road,Light Duty Vehicles,367037.2,Sutherland Shire,Central River City,Six Cities,17150
2018,1,Transport,On-road,Light Duty Vehicles,373512.9,Sydney,Eastern Harbour City,Six Cities,17200
2018,1,Transport,On-road,Light Duty Vehicles,236750.3,Tamworth Regional,New England North West,Regional,17310
2018,1,Transport,On-road,Light Duty Vehicles,21325.8,Temora,Riverina Murray,Regional,17350
2018,1,Transport,On-road,Light Duty Vehicles,21649.2,Tenterfield,New England North West,Regional,17400
2018,1,Transport,On-road,Light Duty Vehicles,250100.6,The Hills Shire,Central River City,Six Cities,17420
2018,1,Transport,On-road,Light Duty Vehicles,312886.7,Tweed,North Coast,Regional,17550
2018,1,Transport,On-road,Light Duty Vehicles,18199.3,Unincorporated NSW,Far West,Regional,19399
2018,1,Transport,On-road,Light Duty Vehicles,72053.3,Upper Hunter Shire,Upper Hunter,Regional,17620
2018,1,Transport,On-road,Light Duty Vehicles,75357.0,Upper Lachlan Shire,South East and Tablelands,Regional,17640
2018,1,Transport,On-road,Light Duty Vehicles,28970.1,Uralla,New England North West,Regional,17650
2018,1,Transport,On-road,Light Duty Vehicles,250274.4,Wagga Wagga,Riverina Murray,Regional,17750
2018,1,Transport,On-road,Light Duty Vehicles,10308.5,Walcha,New England North West,Regional,17850
2018,1,Transport,On-road,Light Duty Vehicles,19903.0,Walgett,Far West,Regional,17900
2018,1,Transport,On-road,Light Duty Vehicles,12584.4,Warren,Central West and Orana,Regional,17950
2018,1,Transport,On-road,Light Duty Vehicles,52590.6,Warrumbungle Shire,Central West and Orana,Regional,18020
2018,1,Transport,On-road,Light Duty Vehicles,29975.8,Waverley,Eastern Harbour City,Six Cities,18050
2018,1,Transport,On-road,Light Duty Vehicles,14123.6,Weddin,Central West and Orana,Regional,18100
2018,1,Transport,On-road,Light Duty Vehicles,20114.5,Wentworth,Far West,Regional,18200
2018,1,Transport,On-road,Light Duty Vehicles,129506.0,Willoughby,Eastern Harbour City,Six Cities,18250
2018,1,Transport,On-road,Light Duty Vehicles,242621.4,Wingecarribee,South East and Tablelands,Regional,18350
2018,1,Transport,On-road,Light Duty Vehicles,120498.4,Wollondilly,Western Parkland City,Six Cities,18400
2018,1,Transport,On-road,Light Duty Vehicles,431350.9,Wollongong,Illawarra-Shoalhaven City,Six Cities,18450
2018,1,Transport,On-road,Light Duty Vehicles,46719.6,Woollahra,Eastern Harbour City,Six Cities,18500
2018,1,Transport,On-road,Light Duty Vehicles,134628.3,Yass Valley,South East and Tablelands,Regional,18710
2019,1,Transport,On-road,Light Duty Vehicles,173975.9,Albury,Riverina Murray,Regional,10050
2019,1,Transport,On-road,Light Duty Vehicles,103816.1,Armidale Regional,New England North West,Regional,10130
2019,1,Transport,On-road,Light Duty Vehicles,174475.4,Ballina,North Coast,Regional,10250
2019,1,Transport,On-road,Light Duty Vehicles,11608.3,Balranald,Far West,Regional,10300
2019,1,Transport,On-road,Light Duty Vehicles,147553.6,Bathurst Regional,Central West and Orana,Regional,10470
2019,1,Transport,On-road,Light Duty Vehicles,331539.9,Bayside,Eastern Harbour City,Six Cities,10500
2019,1,Transport,On-road,Light Duty Vehicles,116539.3,Bega Valley,South East and Tablelands,Regional,10550
2019,1,Transport,On-road,Light Duty Vehicles,58423.8,Bellingen,North Coast,Regional,10600
2019,1,Transport,On-road,Light Duty Vehicles,22205.6,Berrigan,Riverina Murray,Regional,10650
2019,1,Transport,On-road,Light Duty Vehicles,658510.5,Blacktown,Central River City,Six Cities,10750
2019,1,Transport,On-road,Light Duty Vehicles,26207.3,Bland,Riverina Murray,Regional,10800
2019,1,Transport,On-road,Light Duty Vehicles,28101.8,Blayney,Central West and Orana,Regional,10850
2019,1,Transport,On-road,Light Duty Vehicles,205349.5,Blue Mountains,Western Parkland City,Six Cities,10900
2019,1,Transport,On-road,Light Duty Vehicles,11919.7,Bogan,Central West and Orana,Regional,10950
2019,1,Transport,On-road,Light Duty Vehicles,7684.9,Bourke,Far West,Regional,11150
2019,1,Transport,On-road,Light Duty Vehicles,4513.6,Brewarrina,Far West,Regional,11200
2019,1,Transport,On-road,Light Duty Vehicles,42376.6,Broken Hill,Far West,Regional,11250
2019,1,Transport,On-road,Light Duty Vehicles,54156.4,Burwood,Eastern Harbour City,Six Cities,11300
2019,1,Transport,On-road,Light Duty Vehicles,145383.6,Byron,North Coast,Regional,11350
2019,1,Transport,On-road,Light Duty Vehicles,90456.7,Cabonne,Central West and Orana,Regional,11400
2019,1,Transport,On-road,Light Duty Vehicles,167244.9,Camden,Western Parkland City,Six Cities,11450
2019,1,Transport,On-road,Light Duty Vehicles,293689.8,Campbelltown,Western Parkland City,Six Cities,11500
2019,1,Transport,On-road,Light Duty Vehicles,144402.1,Canada Bay,Eastern Harbour City,Six Cities,11520
2019,1,Transport,On-road,Light Duty Vehicles,556632.4,Canterbury-Bankstown,Central River City,Six Cities,11570
2019,1,Transport,On-road,Light Duty Vehicles,43523.3,Carrathool,Riverina Murray,Regional,11600
2019,1,Transport,On-road,Light Duty Vehicles,918552.8,Central Coast,Central Coast City,Six Cities,11650
2019,1,Transport,On-road,Light Duty Vehicles,10888.6,Central Darling,Far West,Regional,11700
2019,1,Transport,On-road,Light Duty Vehicles,167718.7,Cessnock,Lower Hunter and Greater Newcastle City,Six Cities,11720
2019,1,Transport,On-road,Light Duty Vehicles,243417.1,Clarence Valley,North Coast,Regional,11730
2019,1,Transport,On-road,Light Duty Vehicles,14941.8,Cobar,Far West,Regional,11750
2019,1,Transport,On-road,Light Duty Vehicles,281164.1,Coffs Harbour,North Coast,Regional,11800
2019,1,Transport,On-road,Light Duty Vehicles,13679.4,Coolamon,Riverina Murray,Regional,12000
2019,1,Transport,On-road,Light Duty Vehicles,14571.6,Coonamble,Central West and Orana,Regional,12150
2019,1,Transport,On-road,Light Duty Vehicles,61948.3,Cootamundra-Gundagai Regional,Riverina Murray,Regional,12160
2019,1,Transport,On-road,Light Duty Vehicles,50727.5,Cowra,Central West and Orana,Regional,12350
2019,1,Transport,On-road,Light Duty Vehicles,376328.0,Cumberland,Central River City,Six Cities,12380
2019,1,Transport,On-road,Light Duty Vehicles,202044.9,Dubbo Regional,Central West and Orana,Regional,12390
2019,1,Transport,On-road,Light Duty Vehicles,3718.4,Dungog,Upper Hunter,Regional,12700
2019,1,Transport,On-road,Light Duty Vehicles,37918.9,Edward River,Riverina Murray,Regional,12730
2019,1,Transport,On-road,Light Duty Vehicles,134473.8,Eurobodalla,South East and Tablelands,Regional,12750
2019,1,Transport,On-road,Light Duty Vehicles,287895.8,Fairfield,Western Parkland City,Six Cities,12850
2019,1,Transport,On-road,Light Duty Vehicles,39201.2,Federation,Riverina Murray,Regional,12870
2019,1,Transport,On-road,Light Duty Vehicles,35243.0,Forbes,Central West and Orana,Regional,12900
2019,1,Transport,On-road,Light Duty Vehicles,172556.5,Georges River,Central River City,Six Cities,12930
2019,1,Transport,On-road,Light Duty Vehicles,17385.9,Gilgandra,Central West and Orana,Regional,12950
2019,1,Transport,On-road,Light Duty Vehicles,30097.2,Glen Innes Severn,New England North West,Regional,13010
2019,1,Transport,On-road,Light Duty Vehicles,167895.2,Goulburn Mulwaree,South East and Tablelands,Regional,13310
2019,1,Transport,On-road,Light Duty Vehicles,65056.1,Greater Hume Shire,Riverina Murray,Regional,13340
2019,1,Transport,On-road,Light Duty Vehicles,109686.4,Griffith,Riverina Murray,Regional,13450
2019,1,Transport,On-road,Light Duty Vehicles,46607.4,Gunnedah,New England North West,Regional,13550
2019,1,Transport,On-road,Light Duty Vehicles,19100.0,Gwydir,New England North West,Regional,13660
2019,1,Transport,On-road,Light Duty Vehicles,63915.6,Hawkesbury,Western Parkland City,Six Cities,13800
2019,1,Transport,On-road,Light Duty Vehicles,10617.9,Hay,Riverina Murray,Regional,13850
2019,1,Transport,On-road,Light Duty Vehicles,82072.1,Hilltops,South East and Tablelands,Regional,13910
2019,1,Transport,On-road,Light Duty Vehicles,315803.6,Hornsby,Eastern Harbour City,Six Cities,14000
2019,1,Transport,On-road,Light Duty Vehicles,23890.2,Hunters Hill,Eastern Harbour City,Six Cities,14100
2019,1,Transport,On-road,Light Duty Vehicles,301113.7,Inner West,Eastern Harbour City,Six Cities,14170
2019,1,Transport,On-road,Light Duty Vehicles,65682.9,Inverell,New England North West,Regional,14200
2019,1,Transport,On-road,Light Duty Vehicles,28127.2,Junee,Riverina Murray,Regional,14300
2019,1,Transport,On-road,Light Duty Vehicles,129621.4,Kempsey,North Coast,Regional,14350
2019,1,Transport,On-road,Light Duty Vehicles,56334.0,Kiama,Illawarra-Shoalhaven City,Six Cities,14400
2019,1,Transport,On-road,Light Duty Vehicles,202480.0,Ku-Ring-Gai,Eastern Harbour City,Six Cities,14500
2019,1,Transport,On-road,Light Duty Vehicles,41881.3,Kyogle,North Coast,Regional,14550
2019,1,Transport,On-road,Light Duty Vehicles,18070.3,Lachlan,Central West and Orana,Regional,14600
2019,1,Transport,On-road,Light Duty Vehicles,535633.1,Lake Macquarie,Lower Hunter and Greater Newcastle City,Six Cities,14650
2019,1,Transport,On-road,Light Duty Vehicles,78912.5,Lane Cove,Eastern Harbour City,Six Cities,14700
2019,1,Transport,On-road,Light Duty Vehicles,32343.8,Leeton,Riverina Murray,Regional,14750
2019,1,Transport,On-road,Light Duty Vehicles,190976.5,Lismore,North Coast,Regional,14850
2019,1,Transport,On-road,Light Duty Vehicles,97018.4,Lithgow,Central West and Orana,Regional,14870
2019,1,Transport,On-road,Light Duty Vehicles,471684.3,Liverpool,Western Parkland City,Six Cities,14900
2019,1,Transport,On-road,Light Duty Vehicles,32600.9,Liverpool Plains,New England North West,Regional,14920
2019,1,Transport,On-road,Light Duty Vehicles,11195.6,Lockhart,Riverina Murray,Regional,14950
2019,1,Transport,On-road,Light Duty Vehicles,151417.1,Maitland,Lower Hunter and Greater Newcastle City,Six Cities,15050
2019,1,Transport,On-road,Light Duty Vehicles,390009.4,Mid-Coast,Upper Hunter,Regional,15240
2019,1,Transport,On-road,Light Duty Vehicles,97766.5,Mid-Western Regional,Central West and Orana,Regional,15270
2019,1,Transport,On-road,Light Duty Vehicles,46071.0,Moree Plains,New England North West,Regional,15300
2019,1,Transport,On-road,Light Duty Vehicles,27070.0,Mosman,Eastern Harbour City,Six Cities,15350
2019,1,Transport,On-road,Light Duty Vehicles,32172.4,Murray River,Riverina Murray,Regional,15520
2019,1,Transport,On-road,Light Duty Vehicles,17060.1,Murrumbidgee,Riverina Murray,Regional,15560
2019,1,Transport,On-road,Light Duty Vehicles,66387.4,Muswellbrook,Upper Hunter,Regional,15650
2019,1,Transport,On-road,Light Duty Vehicles,88180.8,Nambucca,North Coast,Regional,15700
2019,1,Transport,On-road,Light Duty Vehicles,60566.8,Narrabri,New England North West,Regional,15750
2019,1,Transport,On-road,Light Duty Vehicles,28864.0,Narrandera,Riverina Murray,Regional,15800
2019,1,Transport,On-road,Light Duty Vehicles,28270.4,Narromine,Central West and Orana,Regional,15850
2019,1,Transport,On-road,Light Duty Vehicles,344701.9,Newcastle,Lower Hunter and Greater Newcastle City,Six Cities,15900
2019,1,Transport,On-road,Light Duty Vehicles,114659.7,North Sydney,Eastern Harbour City,Six Cities,15950
2019,1,Transport,On-road,Light Duty Vehicles,293347.8,Northern Beaches,Eastern Harbour City,Six Cities,15990
2019,1,Transport,On-road,Light Duty Vehicles,27565.8,Oberon,Central West and Orana,Regional,16100
2019,1,Transport,On-road,Light Duty Vehicles,116287.9,Orange,Central West and Orana,Regional,16150
2019,1,Transport,On-road,Light Duty Vehicles,60477.1,Parkes,Central West and Orana,Regional,16200
2019,1,Transport,On-road,Light Duty Vehicles,480743.6,Parramatta,Central River City,Six Cities,16260
2019,1,Transport,On-road,Light Duty Vehicles,369429.6,Penrith,Western Parkland City,Six Cities,16350
2019,1,Transport,On-road,Light Duty Vehicles,298541.9,Port Macquarie-Hastings,North Coast,Regional,16380
2019,1,Transport,On-road,Light Duty Vehicles,158154.3,Port Stephens,Lower Hunter and Greater Newcastle City,Six Cities,16400
2019,1,Transport,On-road,Light Duty Vehicles,193528.4,Queanbeyan-Palerang Regional,South East and Tablelands,Regional,16490
2019,1,Transport,On-road,Light Duty Vehicles,104883.9,Randwick,Eastern Harbour City,Six Cities,16550
2019,1,Transport,On-road,Light Duty Vehicles,109993.8,Richmond Valley,North Coast,Regional,16610
2019,1,Transport,On-road,Light Duty Vehicles,264926.2,Ryde,Eastern Harbour City,Six Cities,16700
2019,1,Transport,On-road,Light Duty Vehicles,109548.4,Shellharbour,Illawarra-Shoalhaven City,Six Cities,16900
2019,1,Transport,On-road,Light Duty Vehicles,395775.4,Shoalhaven,Illawarra-Shoalhaven City,Six Cities,16950
2019,1,Transport,On-road,Light Duty Vehicles,16478.4,Singleton,Upper Hunter,Regional,17000
2019,1,Transport,On-road,Light Duty Vehicles,93567.7,Snowy Monaro Regional,South East and Tablelands,Regional,17040
2019,1,Transport,On-road,Light Duty Vehicles,42162.0,Snowy Valleys,Riverina Murray,Regional,17080
2019,1,Transport,On-road,Light Duty Vehicles,110825.3,Strathfield,Eastern Harbour City,Six Cities,17100
2019,1,Transport,On-road,Light Duty Vehicles,363986.7,Sutherland Shire,Central River City,Six Cities,17150
2019,1,Transport,On-road,Light Duty Vehicles,370019.1,Sydney,Eastern Harbour City,Six Cities,17200
2019,1,Transport,On-road,Light Duty Vehicles,236434.7,Tamworth Regional,New England North West,Regional,17310
2019,1,Transport,On-road,Light Duty Vehicles,21306.8,Temora,Riverina Murray,Regional,17350
2019,1,Transport,On-road,Light Duty Vehicles,21647.0,Tenterfield,New England North West,Regional,17400
2019,1,Transport,On-road,Light Duty Vehicles,248046.5,The Hills Shire,Central River City,Six Cities,17420
2019,1,Transport,On-road,Light Duty Vehicles,312831.4,Tweed,North Coast,Regional,17550
2019,1,Transport,On-road,Light Duty Vehicles,18114.5,Unincorporated NSW,Far West,Regional,19399
2019,1,Transport,On-road,Light Duty Vehicles,71838.5,Upper Hunter Shire,Upper Hunter,Regional,17620
2019,1,Transport,On-road,Light Duty Vehicles,75081.1,Upper Lachlan Shire,South East and Tablelands,Regional,17640
2019,1,Transport,On-road,Light Duty Vehicles,28899.8,Uralla,New England North West,Regional,17650
2019,1,Transport,On-road,Light Duty Vehicles,249999.9,Wagga Wagga,Riverina Murray,Regional,17750
2019,1,Transport,On-road,Light Duty Vehicles,10298.8,Walcha,New England North West,Regional,17850
2019,1,Transport,On-road,Light Duty Vehicles,19900.0,Walgett,Far West,Regional,17900
2019,1,Transport,On-road,Light Duty Vehicles,12563.9,Warren,Central West and Orana,Regional,17950
2019,1,Transport,On-road,Light Duty Vehicles,52472.2,Warrumbungle Shire,Central West and Orana,Regional,18020
2019,1,Transport,On-road,Light Duty Vehicles,29675.7,Waverley,Eastern Harbour City,Six Cities,18050
2019,1,Transport,On-road,Light Duty Vehicles,14109.8,Weddin,Central West and Orana,Regional,18100
2019,1,Transport,On-road,Light Duty Vehicles,20131.1,Wentworth,Far West,Regional,18200
2019,1,Transport,On-road,Light Duty Vehicles,128249.2,Willoughby,Eastern Harbour City,Six Cities,18250
2019,1,Transport,On-road,Light Duty Vehicles,241493.2,Wingecarribee,South East and Tablelands,Regional,18350
2019,1,Transport,On-road,Light Duty Vehicles,119844.7,Wollondilly,Western Parkland City,Six Cities,18400
2019,1,Transport,On-road,Light Duty Vehicles,428393.1,Wollongong,Illawarra-Shoalhaven City,Six Cities,18450
2019,1,Transport,On-road,Light Duty Vehicles,46295.1,Woollahra,Eastern Harbour City,Six Cities,18500
2019,1,Transport,On-road,Light Duty Vehicles,134240.8,Yass Valley,South East and Tablelands,Regional,18710
2016,1,Transport,On-road,Heavy Duty Vehicles,29458.3,Albury,Riverina Murray,Regional,10050
2016,1,Transport,On-road,Heavy Duty Vehicles,5870.1,Armidale Regional,New England North West,Regional,10130
2016,1,Transport,On-road,Heavy Duty Vehicles,26490.2,Ballina,North Coast,Regional,10250
2016,1,Transport,On-road,Heavy Duty Vehicles,24585.4,Balranald,Far West,Regional,10300
2016,1,Transport,On-road,Heavy Duty Vehicles,14354.5,Bathurst Regional,Central West and Orana,Regional,10470
2016,1,Transport,On-road,Heavy Duty Vehicles,112515.7,Bayside,Eastern Harbour City,Six Cities,10500
2016,1,Transport,On-road,Heavy Duty Vehicles,7538.4,Bega Valley,South East and Tablelands,Regional,10550
2016,1,Transport,On-road,Heavy Duty Vehicles,17065.4,Bellingen,North Coast,Regional,10600
2016,1,Transport,On-road,Heavy Duty Vehicles,12734.7,Berrigan,Riverina Murray,Regional,10650
2016,1,Transport,On-road,Heavy Duty Vehicles,219774.7,Blacktown,Central River City,Six Cities,10750
2016,1,Transport,On-road,Heavy Duty Vehicles,37137.4,Bland,Riverina Murray,Regional,10800
2016,1,Transport,On-road,Heavy Duty Vehicles,4386.2,Blayney,Central West and Orana,Regional,10850
2016,1,Transport,On-road,Heavy Duty Vehicles,44853.7,Blue Mountains,Western Parkland City,Six Cities,10900
2016,1,Transport,On-road,Heavy Duty Vehicles,16001.4,Bogan,Central West and Orana,Regional,10950
2016,1,Transport,On-road,Heavy Duty Vehicles,889.5,Bourke,Far West,Regional,11150
2016,1,Transport,On-road,Heavy Duty Vehicles,782.9,Brewarrina,Far West,Regional,11200
2016,1,Transport,On-road,Heavy Duty Vehicles,2440.5,Broken Hill,Far West,Regional,11250
2016,1,Transport,On-road,Heavy Duty Vehicles,9371.4,Burwood,Eastern Harbour City,Six Cities,11300
2016,1,Transport,On-road,Heavy Duty Vehicles,24282.4,Byron,North Coast,Regional,11350
2016,1,Transport,On-road,Heavy Duty Vehicles,7609.3,Cabonne,Central West and Orana,Regional,11400
2016,1,Transport,On-road,Heavy Duty Vehicles,28539.5,Camden,Western Parkland City,Six Cities,11450
2016,1,Transport,On-road,Heavy Duty Vehicles,127314.3,Campbelltown,Western Parkland City,Six Cities,11500
2016,1,Transport,On-road,Heavy Duty Vehicles,16639.2,Canada Bay,Eastern Harbour City,Six Cities,11520
2016,1,Transport,On-road,Heavy Duty Vehicles,174174.7,Canterbury-Bankstown,Central River City,Six Cities,11570
2016,1,Transport,On-road,Heavy Duty Vehicles,8064.8,Carrathool,Riverina Murray,Regional,11600
2016,1,Transport,On-road,Heavy Duty Vehicles,240851.9,Central Coast,Central Coast City,Six Cities,11650
2016,1,Transport,On-road,Heavy Duty Vehicles,27219.3,Central Darling,Far West,Regional,11700
2016,1,Transport,On-road,Heavy Duty Vehicles,50785.1,Cessnock,Lower Hunter and Greater Newcastle City,Six Cities,11720
2016,1,Transport,On-road,Heavy Duty Vehicles,109054.7,Clarence Valley,North Coast,Regional,11730
2016,1,Transport,On-road,Heavy Duty Vehicles,24992.0,Cobar,Far West,Regional,11750
2016,1,Transport,On-road,Heavy Duty Vehicles,42808.5,Coffs Harbour,North Coast,Regional,11800
2016,1,Transport,On-road,Heavy Duty Vehicles,13824.5,Coolamon,Riverina Murray,Regional,12000
2016,1,Transport,On-road,Heavy Duty Vehicles,8655.3,Coonamble,Central West and Orana,Regional,12150
2016,1,Transport,On-road,Heavy Duty Vehicles,115430.6,Cootamundra-Gundagai Regional,Riverina Murray,Regional,12160
2016,1,Transport,On-road,Heavy Duty Vehicles,7310.8,Cowra,Central West and Orana,Regional,12350
2016,1,Transport,On-road,Heavy Duty Vehicles,123913.8,Cumberland,Central River City,Six Cities,12380
2016,1,Transport,On-road,Heavy Duty Vehicles,28015.5,Dubbo Regional,Central West and Orana,Regional,12390
2016,1,Transport,On-road,Heavy Duty Vehicles,5312.5,Dungog,Upper Hunter,Regional,12700
2016,1,Transport,On-road,Heavy Duty Vehicles,8641.1,Edward River,Riverina Murray,Regional,12730
2016,1,Transport,On-road,Heavy Duty Vehicles,4628.6,Eurobodalla,South East and Tablelands,Regional,12750
2016,1,Transport,On-road,Heavy Duty Vehicles,100191.5,Fairfield,Western Parkland City,Six Cities,12850
2016,1,Transport,On-road,Heavy Duty Vehicles,15083.9,Federation,Riverina Murray,Regional,12870
2016,1,Transport,On-road,Heavy Duty Vehicles,25085.1,Forbes,Central West and Orana,Regional,12900
2016,1,Transport,On-road,Heavy Duty Vehicles,21212.3,Georges River,Central River City,Six Cities,12930
2016,1,Transport,On-road,Heavy Duty Vehicles,31687.0,Gilgandra,Central West and Orana,Regional,12950
2016,1,Transport,On-road,Heavy Duty Vehicles,7176.2,Glen Innes Severn,New England North West,Regional,13010
2016,1,Transport,On-road,Heavy Duty Vehicles,120459.4,Goulburn Mulwaree,South East and Tablelands,Regional,13310
2016,1,Transport,On-road,Heavy Duty Vehicles,107009.7,Greater Hume Shire,Riverina Murray,Regional,13340
2016,1,Transport,On-road,Heavy Duty Vehicles,7384.4,Griffith,Riverina Murray,Regional,13450
2016,1,Transport,On-road,Heavy Duty Vehicles,13927.9,Gunnedah,New England North West,Regional,13550
2016,1,Transport,On-road,Heavy Duty Vehicles,4339.6,Gwydir,New England North West,Regional,13660
2016,1,Transport,On-road,Heavy Duty Vehicles,20813.0,Hawkesbury,Western Parkland City,Six Cities,13800
2016,1,Transport,On-road,Heavy Duty Vehicles,33975.1,Hay,Riverina Murray,Regional,13850
2016,1,Transport,On-road,Heavy Duty Vehicles,52232.8,Hilltops,South East and Tablelands,Regional,13910
2016,1,Transport,On-road,Heavy Duty Vehicles,156398.1,Hornsby,Eastern Harbour City,Six Cities,14000
2016,1,Transport,On-road,Heavy Duty Vehicles,1228.3,Hunters Hill,Eastern Harbour City,Six Cities,14100
2016,1,Transport,On-road,Heavy Duty Vehicles,40323.1,Inner West,Eastern Harbour City,Six Cities,14170
2016,1,Transport,On-road,Heavy Duty Vehicles,3844.9,Inverell,New England North West,Regional,14200
2016,1,Transport,On-road,Heavy Duty Vehicles,3765.0,Junee,Riverina Murray,Regional,14300
2016,1,Transport,On-road,Heavy Duty Vehicles,46062.9,Kempsey,North Coast,Regional,14350
2016,1,Transport,On-road,Heavy Duty Vehicles,11943.7,Kiama,Illawarra-Shoalhaven City,Six Cities,14400
2016,1,Transport,On-road,Heavy Duty Vehicles,31398.7,Ku-Ring-Gai,Eastern Harbour City,Six Cities,14500
2016,1,Transport,On-road,Heavy Duty Vehicles,3333.8,Kyogle,North Coast,Regional,14550
2016,1,Transport,On-road,Heavy Duty Vehicles,8944.8,Lachlan,Central West and Orana,Regional,14600
2016,1,Transport,On-road,Heavy Duty Vehicles,154741.7,Lake Macquarie,Lower Hunter and Greater Newcastle City,Six Cities,14650
2016,1,Transport,On-road,Heavy Duty Vehicles,12563.5,Lane Cove,Eastern Harbour City,Six Cities,14700
2016,1,Transport,On-road,Heavy Duty Vehicles,3957.7,Leeton,Riverina Murray,Regional,14750
2016,1,Transport,On-road,Heavy Duty Vehicles,3043.3,Lismore,North Coast,Regional,14850
2016,1,Transport,On-road,Heavy Duty Vehicles,23384.9,Lithgow,Central West and Orana,Regional,14870
2016,1,Transport,On-road,Heavy Duty Vehicles,177694.2,Liverpool,Western Parkland City,Six Cities,14900
2016,1,Transport,On-road,Heavy Duty Vehicles,12368.2,Liverpool Plains,New England North West,Regional,14920
2016,1,Transport,On-road,Heavy Duty Vehicles,2243.7,Lockhart,Riverina Murray,Regional,14950
2016,1,Transport,On-road,Heavy Duty Vehicles,10684.7,Maitland,Lower Hunter and Greater Newcastle City,Six Cities,15050
2016,1,Transport,On-road,Heavy Duty Vehicles,161436.8,Mid-Coast,Upper Hunter,Regional,15240
2016,1,Transport,On-road,Heavy Duty Vehicles,7048.2,Mid-Western Regional,Central West and Orana,Regional,15270
2016,1,Transport,On-road,Heavy Duty Vehicles,71038.0,Moree Plains,New England North West,Regional,15300
2016,1,Transport,On-road,Heavy Duty Vehicles,4981.5,Mosman,Eastern Harbour City,Six Cities,15350
2016,1,Transport,On-road,Heavy Duty Vehicles,17121.4,Murray River,Riverina Murray,Regional,15520
2016,1,Transport,On-road,Heavy Duty Vehicles,47603.8,Murrumbidgee,Riverina Murray,Regional,15560
2016,1,Transport,On-road,Heavy Duty Vehicles,40685.9,Muswellbrook,Upper Hunter,Regional,15650
2016,1,Transport,On-road,Heavy Duty Vehicles,35527.9,Nambucca,North Coast,Regional,15700
2016,1,Transport,On-road,Heavy Duty Vehicles,56952.0,Narrabri,New England North West,Regional,15750
2016,1,Transport,On-road,Heavy Duty Vehicles,46764.5,Narrandera,Riverina Murray,Regional,15800
2016,1,Transport,On-road,Heavy Duty Vehicles,13478.8,Narromine,Central West and Orana,Regional,15850
2016,1,Transport,On-road,Heavy Duty Vehicles,67497.1,Newcastle,Lower Hunter and Greater Newcastle City,Six Cities,15900
2016,1,Transport,On-road,Heavy Duty Vehicles,22905.0,North Sydney,Eastern Harbour City,Six Cities,15950
2016,1,Transport,On-road,Heavy Duty Vehicles,35907.5,Northern Beaches,Eastern Harbour City,Six Cities,15990
2016,1,Transport,On-road,Heavy Duty Vehicles,4161.4,Oberon,Central West and Orana,Regional,16100
2016,1,Transport,On-road,Heavy Duty Vehicles,2326.8,Orange,Central West and Orana,Regional,16150
2016,1,Transport,On-road,Heavy Duty Vehicles,27084.1,Parkes,Central West and Orana,Regional,16200
2016,1,Transport,On-road,Heavy Duty Vehicles,145979.1,Parramatta,Central River City,Six Cities,16260
2016,1,Transport,On-road,Heavy Duty Vehicles,73723.7,Penrith,Western Parkland City,Six Cities,16350
2016,1,Transport,On-road,Heavy Duty Vehicles,48962.9,Port Macquarie-Hastings,North Coast,Regional,16380
2016,1,Transport,On-road,Heavy Duty Vehicles,76778.4,Port Stephens,Lower Hunter and Greater Newcastle City,Six Cities,16400
2016,1,Transport,On-road,Heavy Duty Vehicles,4696.0,Queanbeyan-Palerang Regional,South East and Tablelands,Regional,16490
2016,1,Transport,On-road,Heavy Duty Vehicles,15735.3,Randwick,Eastern Harbour City,Six Cities,16550
2016,1,Transport,On-road,Heavy Duty Vehicles,34247.7,Richmond Valley,North Coast,Regional,16610
2016,1,Transport,On-road,Heavy Duty Vehicles,41523.4,Ryde,Eastern Harbour City,Six Cities,16700
2016,1,Transport,On-road,Heavy Duty Vehicles,16535.9,Shellharbour,Illawarra-Shoalhaven City,Six Cities,16900
2016,1,Transport,On-road,Heavy Duty Vehicles,33512.9,Shoalhaven,Illawarra-Shoalhaven City,Six Cities,16950
2016,1,Transport,On-road,Heavy Duty Vehicles,142200.2,Singleton,Upper Hunter,Regional,17000
2016,1,Transport,On-road,Heavy Duty Vehicles,16364.7,Snowy Monaro Regional,South East and Tablelands,Regional,17040
2016,1,Transport,On-road,Heavy Duty Vehicles,20163.4,Snowy Valleys,Riverina Murray,Regional,17080
2016,1,Transport,On-road,Heavy Duty Vehicles,26482.8,Strathfield,Eastern Harbour City,Six Cities,17100
2016,1,Transport,On-road,Heavy Duty Vehicles,55214.6,Sutherland Shire,Central River City,Six Cities,17150
2016,1,Transport,On-road,Heavy Duty Vehicles,52709.9,Sydney,Eastern Harbour City,Six Cities,17200
2016,1,Transport,On-road,Heavy Duty Vehicles,13403.7,Tamworth Regional,New England North West,Regional,17310
2016,1,Transport,On-road,Heavy Duty Vehicles,5632.4,Temora,Riverina Murray,Regional,17350
2016,1,Transport,On-road,Heavy Duty Vehicles,8366.8,Tenterfield,New England North West,Regional,17400
2016,1,Transport,On-road,Heavy Duty Vehicles,59446.5,The Hills Shire,Central River City,Six Cities,17420
2016,1,Transport,On-road,Heavy Duty Vehicles,30395.7,Tweed,North Coast,Regional,17550
2016,1,Transport,On-road,Heavy Duty Vehicles,29573.5,Unincorporated NSW,Far West,Regional,19399
2016,1,Transport,On-road,Heavy Duty Vehicles,26484.6,Upper Hunter Shire,Upper Hunter,Regional,17620
2016,1,Transport,On-road,Heavy Duty Vehicles,74674.9,Upper Lachlan Shire,South East and Tablelands,Regional,17640
2016,1,Transport,On-road,Heavy Duty Vehicles,2874.3,Uralla,New England North West,Regional,17650
2016,1,Transport,On-road,Heavy Duty Vehicles,96356.7,Wagga Wagga,Riverina Murray,Regional,17750
2016,1,Transport,On-road,Heavy Duty Vehicles,2941.3,Walcha,New England North West,Regional,17850
2016,1,Transport,On-road,Heavy Duty Vehicles,9526.3,Walgett,Far West,Regional,17900
2016,1,Transport,On-road,Heavy Duty Vehicles,18398.3,Warren,Central West and Orana,Regional,17950
2016,1,Transport,On-road,Heavy Duty Vehicles,40973.4,Warrumbungle Shire,Central West and Orana,Regional,18020
2016,1,Transport,On-road,Heavy Duty Vehicles,835.0,Waverley,Eastern Harbour City,Six Cities,18050
2016,1,Transport,On-road,Heavy Duty Vehicles,18647.4,Weddin,Central West and Orana,Regional,18100
2016,1,Transport,On-road,Heavy Duty Vehicles,22493.1,Wentworth,Far West,Regional,18200
2016,1,Transport,On-road,Heavy Duty Vehicles,23878.7,Willoughby,Eastern Harbour City,Six Cities,18250
2016,1,Transport,On-road,Heavy Duty Vehicles,167981.4,Wingecarribee,South East and Tablelands,Regional,18350
2016,1,Transport,On-road,Heavy Duty Vehicles,113978.6,Wollondilly,Western Parkland City,Six Cities,18400
2016,1,Transport,On-road,Heavy Duty Vehicles,90490.7,Wollongong,Illawarra-Shoalhaven City,Six Cities,18450
2016,1,Transport,On-road,Heavy Duty Vehicles,1553.0,Woollahra,Eastern Harbour City,Six Cities,18500
2016,1,Transport,On-road,Heavy Duty Vehicles,83171.9,Yass Valley,South East and Tablelands,Regional,18710
2017,1,Transport,On-road,Heavy Duty Vehicles,28922.1,Albury,Riverina Murray,Regional,10050
2017,1,Transport,On-road,Heavy Duty Vehicles,5750.6,Armidale Regional,New England North West,Regional,10130
2017,1,Transport,On-road,Heavy Duty Vehicles,26129.1,Ballina,North Coast,Regional,10250
2017,1,Transport,On-road,Heavy Duty Vehicles,24205.8,Balranald,Far West,Regional,10300
2017,1,Transport,On-road,Heavy Duty Vehicles,13999.3,Bathurst Regional,Central West and Orana,Regional,10470
2017,1,Transport,On-road,Heavy Duty Vehicles,107305.6,Bayside,Eastern Harbour City,Six Cities,10500
2017,1,Transport,On-road,Heavy Duty Vehicles,7297.4,Bega Valley,South East and Tablelands,Regional,10550
2017,1,Transport,On-road,Heavy Duty Vehicles,16487.4,Bellingen,North Coast,Regional,10600
2017,1,Transport,On-road,Heavy Duty Vehicles,12546.4,Berrigan,Riverina Murray,Regional,10650
2017,1,Transport,On-road,Heavy Duty Vehicles,216884.5,Blacktown,Central River City,Six Cities,10750
2017,1,Transport,On-road,Heavy Duty Vehicles,36535.1,Bland,Riverina Murray,Regional,10800
2017,1,Transport,On-road,Heavy Duty Vehicles,4301.5,Blayney,Central West and Orana,Regional,10850
2017,1,Transport,On-road,Heavy Duty Vehicles,44873.3,Blue Mountains,Western Parkland City,Six Cities,10900
2017,1,Transport,On-road,Heavy Duty Vehicles,15714.0,Bogan,Central West and Orana,Regional,10950
2017,1,Transport,On-road,Heavy Duty Vehicles,880.7,Bourke,Far West,Regional,11150
2017,1,Transport,On-road,Heavy Duty Vehicles,776.8,Brewarrina,Far West,Regional,11200
2017,1,Transport,On-road,Heavy Duty Vehicles,2391.2,Broken Hill,Far West,Regional,11250
2017,1,Transport,On-road,Heavy Duty Vehicles,9211.5,Burwood,Eastern Harbour City,Six Cities,11300
2017,1,Transport,On-road,Heavy Duty Vehicles,23967.8,Byron,North Coast,Regional,11350
2017,1,Transport,On-road,Heavy Duty Vehicles,7529.6,Cabonne,Central West and Orana,Regional,11400
2017,1,Transport,On-road,Heavy Duty Vehicles,27737.7,Camden,Western Parkland City,Six Cities,11450
2017,1,Transport,On-road,Heavy Duty Vehicles,124213.7,Campbelltown,Western Parkland City,Six Cities,11500
2017,1,Transport,On-road,Heavy Duty Vehicles,17260.0,Canada Bay,Eastern Harbour City,Six Cities,11520
2017,1,Transport,On-road,Heavy Duty Vehicles,166388.0,Canterbury-Bankstown,Central River City,Six Cities,11570
2017,1,Transport,On-road,Heavy Duty Vehicles,7950.9,Carrathool,Riverina Murray,Regional,11600
2017,1,Transport,On-road,Heavy Duty Vehicles,237882.1,Central Coast,Central Coast City,Six Cities,11650
2017,1,Transport,On-road,Heavy Duty Vehicles,26666.3,Central Darling,Far West,Regional,11700
2017,1,Transport,On-road,Heavy Duty Vehicles,50011.1,Cessnock,Lower Hunter and Greater Newcastle City,Six Cities,11720
2017,1,Transport,On-road,Heavy Duty Vehicles,103281.7,Clarence Valley,North Coast,Regional,11730
2017,1,Transport,On-road,Heavy Duty Vehicles,24539.8,Cobar,Far West,Regional,11750
2017,1,Transport,On-road,Heavy Duty Vehicles,49323.0,Coffs Harbour,North Coast,Regional,11800
2017,1,Transport,On-road,Heavy Duty Vehicles,13627.2,Coolamon,Riverina Murray,Regional,12000
2017,1,Transport,On-road,Heavy Duty Vehicles,8505.5,Coonamble,Central West and Orana,Regional,12150
2017,1,Transport,On-road,Heavy Duty Vehicles,113470.4,Cootamundra-Gundagai Regional,Riverina Murray,Regional,12160
2017,1,Transport,On-road,Heavy Duty Vehicles,7214.1,Cowra,Central West and Orana,Regional,12350
2017,1,Transport,On-road,Heavy Duty Vehicles,123299.9,Cumberland,Central River City,Six Cities,12380
2017,1,Transport,On-road,Heavy Duty Vehicles,27727.4,Dubbo Regional,Central West and Orana,Regional,12390
2017,1,Transport,On-road,Heavy Duty Vehicles,5303.2,Dungog,Upper Hunter,Regional,12700
2017,1,Transport,On-road,Heavy Duty Vehicles,8512.3,Edward River,Riverina Murray,Regional,12730
2017,1,Transport,On-road,Heavy Duty Vehicles,4535.2,Eurobodalla,South East and Tablelands,Regional,12750
2017,1,Transport,On-road,Heavy Duty Vehicles,98011.3,Fairfield,Western Parkland City,Six Cities,12850
2017,1,Transport,On-road,Heavy Duty Vehicles,14869.6,Federation,Riverina Murray,Regional,12870
2017,1,Transport,On-road,Heavy Duty Vehicles,24678.8,Forbes,Central West and Orana,Regional,12900
2017,1,Transport,On-road,Heavy Duty Vehicles,20334.6,Georges River,Central River City,Six Cities,12930
2017,1,Transport,On-road,Heavy Duty Vehicles,31237.3,Gilgandra,Central West and Orana,Regional,12950
2017,1,Transport,On-road,Heavy Duty Vehicles,7035.5,Glen Innes Severn,New England North West,Regional,13010
2017,1,Transport,On-road,Heavy Duty Vehicles,118437.0,Goulburn Mulwaree,South East and Tablelands,Regional,13310
2017,1,Transport,On-road,Heavy Duty Vehicles,105048.5,Greater Hume Shire,Riverina Murray,Regional,13340
2017,1,Transport,On-road,Heavy Duty Vehicles,7272.5,Griffith,Riverina Murray,Regional,13450
2017,1,Transport,On-road,Heavy Duty Vehicles,13899.0,Gunnedah,New England North West,Regional,13550
2017,1,Transport,On-road,Heavy Duty Vehicles,4304.1,Gwydir,New England North West,Regional,13660
2017,1,Transport,On-road,Heavy Duty Vehicles,19821.5,Hawkesbury,Western Parkland City,Six Cities,13800
2017,1,Transport,On-road,Heavy Duty Vehicles,33464.8,Hay,Riverina Murray,Regional,13850
2017,1,Transport,On-road,Heavy Duty Vehicles,51386.2,Hilltops,South East and Tablelands,Regional,13910
2017,1,Transport,On-road,Heavy Duty Vehicles,154798.3,Hornsby,Eastern Harbour City,Six Cities,14000
2017,1,Transport,On-road,Heavy Duty Vehicles,1140.2,Hunters Hill,Eastern Harbour City,Six Cities,14100
2017,1,Transport,On-road,Heavy Duty Vehicles,48835.1,Inner West,Eastern Harbour City,Six Cities,14170
2017,1,Transport,On-road,Heavy Duty Vehicles,3815.6,Inverell,New England North West,Regional,14200
2017,1,Transport,On-road,Heavy Duty Vehicles,3745.8,Junee,Riverina Murray,Regional,14300
2017,1,Transport,On-road,Heavy Duty Vehicles,44633.9,Kempsey,North Coast,Regional,14350
2017,1,Transport,On-road,Heavy Duty Vehicles,11774.4,Kiama,Illawarra-Shoalhaven City,Six Cities,14400
2017,1,Transport,On-road,Heavy Duty Vehicles,28238.9,Ku-Ring-Gai,Eastern Harbour City,Six Cities,14500
2017,1,Transport,On-road,Heavy Duty Vehicles,3353.0,Kyogle,North Coast,Regional,14550
2017,1,Transport,On-road,Heavy Duty Vehicles,8779.0,Lachlan,Central West and Orana,Regional,14600
2017,1,Transport,On-road,Heavy Duty Vehicles,153217.9,Lake Macquarie,Lower Hunter and Greater Newcastle City,Six Cities,14650
2017,1,Transport,On-road,Heavy Duty Vehicles,12166.7,Lane Cove,Eastern Harbour City,Six Cities,14700
2017,1,Transport,On-road,Heavy Duty Vehicles,3897.5,Leeton,Riverina Murray,Regional,14750
2017,1,Transport,On-road,Heavy Duty Vehicles,3025.9,Lismore,North Coast,Regional,14850
2017,1,Transport,On-road,Heavy Duty Vehicles,22835.2,Lithgow,Central West and Orana,Regional,14870
2017,1,Transport,On-road,Heavy Duty Vehicles,176732.7,Liverpool,Western Parkland City,Six Cities,14900
2017,1,Transport,On-road,Heavy Duty Vehicles,12321.2,Liverpool Plains,New England North West,Regional,14920
2017,1,Transport,On-road,Heavy Duty Vehicles,2234.0,Lockhart,Riverina Murray,Regional,14950
2017,1,Transport,On-road,Heavy Duty Vehicles,10338.8,Maitland,Lower Hunter and Greater Newcastle City,Six Cities,15050
2017,1,Transport,On-road,Heavy Duty Vehicles,159285.2,Mid-Coast,Upper Hunter,Regional,15240
2017,1,Transport,On-road,Heavy Duty Vehicles,7013.1,Mid-Western Regional,Central West and Orana,Regional,15270
2017,1,Transport,On-road,Heavy Duty Vehicles,69952.0,Moree Plains,New England North West,Regional,15300
2017,1,Transport,On-road,Heavy Duty Vehicles,3924.3,Mosman,Eastern Harbour City,Six Cities,15350
2017,1,Transport,On-road,Heavy Duty Vehicles,16866.4,Murray River,Riverina Murray,Regional,15520
2017,1,Transport,On-road,Heavy Duty Vehicles,46938.5,Murrumbidgee,Riverina Murray,Regional,15560
2017,1,Transport,On-road,Heavy Duty Vehicles,40353.2,Muswellbrook,Upper Hunter,Regional,15650
2017,1,Transport,On-road,Heavy Duty Vehicles,33900.1,Nambucca,North Coast,Regional,15700
2017,1,Transport,On-road,Heavy Duty Vehicles,56118.4,Narrabri,New England North West,Regional,15750
2017,1,Transport,On-road,Heavy Duty Vehicles,46106.2,Narrandera,Riverina Murray,Regional,15800
2017,1,Transport,On-road,Heavy Duty Vehicles,13288.3,Narromine,Central West and Orana,Regional,15850
2017,1,Transport,On-road,Heavy Duty Vehicles,66108.0,Newcastle,Lower Hunter and Greater Newcastle City,Six Cities,15900
2017,1,Transport,On-road,Heavy Duty Vehicles,22297.3,North Sydney,Eastern Harbour City,Six Cities,15950
2017,1,Transport,On-road,Heavy Duty Vehicles,35882.1,Northern Beaches,Eastern Harbour City,Six Cities,15990
2017,1,Transport,On-road,Heavy Duty Vehicles,4008.9,Oberon,Central West and Orana,Regional,16100
2017,1,Transport,On-road,Heavy Duty Vehicles,2286.5,Orange,Central West and Orana,Regional,16150
2017,1,Transport,On-road,Heavy Duty Vehicles,26660.0,Parkes,Central West and Orana,Regional,16200
2017,1,Transport,On-road,Heavy Duty Vehicles,145288.2,Parramatta,Central River City,Six Cities,16260
2017,1,Transport,On-road,Heavy Duty Vehicles,73875.4,Penrith,Western Parkland City,Six Cities,16350
2017,1,Transport,On-road,Heavy Duty Vehicles,48341.0,Port Macquarie-Hastings,North Coast,Regional,16380
2017,1,Transport,On-road,Heavy Duty Vehicles,75665.4,Port Stephens,Lower Hunter and Greater Newcastle City,Six Cities,16400
2017,1,Transport,On-road,Heavy Duty Vehicles,4632.5,Queanbeyan-Palerang Regional,South East and Tablelands,Regional,16490
2017,1,Transport,On-road,Heavy Duty Vehicles,14854.1,Randwick,Eastern Harbour City,Six Cities,16550
2017,1,Transport,On-road,Heavy Duty Vehicles,33801.6,Richmond Valley,North Coast,Regional,16610
2017,1,Transport,On-road,Heavy Duty Vehicles,39506.9,Ryde,Eastern Harbour City,Six Cities,16700
2017,1,Transport,On-road,Heavy Duty Vehicles,16558.2,Shellharbour,Illawarra-Shoalhaven City,Six Cities,16900
2017,1,Transport,On-road,Heavy Duty Vehicles,33125.0,Shoalhaven,Illawarra-Shoalhaven City,Six Cities,16950
2017,1,Transport,On-road,Heavy Duty Vehicles,139520.2,Singleton,Upper Hunter,Regional,17000
2017,1,Transport,On-road,Heavy Duty Vehicles,15875.1,Snowy Monaro Regional,South East and Tablelands,Regional,17040
2017,1,Transport,On-road,Heavy Duty Vehicles,19488.5,Snowy Valleys,Riverina Murray,Regional,17080
2017,1,Transport,On-road,Heavy Duty Vehicles,25471.8,Strathfield,Eastern Harbour City,Six Cities,17100
2017,1,Transport,On-road,Heavy Duty Vehicles,54220.3,Sutherland Shire,Central River City,Six Cities,17150
2017,1,Transport,On-road,Heavy Duty Vehicles,49178.6,Sydney,Eastern Harbour City,Six Cities,17200
2017,1,Transport,On-road,Heavy Duty Vehicles,13223.2,Tamworth Regional,New England North West,Regional,17310
2017,1,Transport,On-road,Heavy Duty Vehicles,5581.6,Temora,Riverina Murray,Regional,17350
2017,1,Transport,On-road,Heavy Duty Vehicles,8204.6,Tenterfield,New England North West,Regional,17400
2017,1,Transport,On-road,Heavy Duty Vehicles,57687.8,The Hills Shire,Central River City,Six Cities,17420
2017,1,Transport,On-road,Heavy Duty Vehicles,29992.8,Tweed,North Coast,Regional,17550
2017,1,Transport,On-road,Heavy Duty Vehicles,29547.1,Unincorporated NSW,Far West,Regional,19399
2017,1,Transport,On-road,Heavy Duty Vehicles,26324.9,Upper Hunter Shire,Upper Hunter,Regional,17620
2017,1,Transport,On-road,Heavy Duty Vehicles,73420.0,Upper Lachlan Shire,South East and Tablelands,Regional,17640
2017,1,Transport,On-road,Heavy Duty Vehicles,2818.9,Uralla,New England North West,Regional,17650
2017,1,Transport,On-road,Heavy Duty Vehicles,94800.7,Wagga Wagga,Riverina Murray,Regional,17750
2017,1,Transport,On-road,Heavy Duty Vehicles,2894.4,Walcha,New England North West,Regional,17850
2017,1,Transport,On-road,Heavy Duty Vehicles,9383.7,Walgett,Far West,Regional,17900
2017,1,Transport,On-road,Heavy Duty Vehicles,18069.0,Warren,Central West and Orana,Regional,17950
2017,1,Transport,On-road,Heavy Duty Vehicles,40490.7,Warrumbungle Shire,Central West and Orana,Regional,18020
2017,1,Transport,On-road,Heavy Duty Vehicles,815.0,Waverley,Eastern Harbour City,Six Cities,18050
2017,1,Transport,On-road,Heavy Duty Vehicles,18333.1,Weddin,Central West and Orana,Regional,18100
2017,1,Transport,On-road,Heavy Duty Vehicles,22052.2,Wentworth,Far West,Regional,18200
2017,1,Transport,On-road,Heavy Duty Vehicles,23701.1,Willoughby,Eastern Harbour City,Six Cities,18250
2017,1,Transport,On-road,Heavy Duty Vehicles,164950.6,Wingecarribee,South East and Tablelands,Regional,18350
2017,1,Transport,On-road,Heavy Duty Vehicles,111018.4,Wollondilly,Western Parkland City,Six Cities,18400
2017,1,Transport,On-road,Heavy Duty Vehicles,88934.9,Wollongong,Illawarra-Shoalhaven City,Six Cities,18450
2017,1,Transport,On-road,Heavy Duty Vehicles,1557.1,Woollahra,Eastern Harbour City,Six Cities,18500
2017,1,Transport,On-road,Heavy Duty Vehicles,81784.7,Yass Valley,South East and Tablelands,Regional,18710
2018,1,Transport,On-road,Heavy Duty Vehicles,29915.9,Albury,Riverina Murray,Regional,10050
2018,1,Transport,On-road,Heavy Duty Vehicles,5935.3,Armidale Regional,New England North West,Regional,10130
2018,1,Transport,On-road,Heavy Duty Vehicles,27149.9,Ballina,North Coast,Regional,10250
2018,1,Transport,On-road,Heavy Duty Vehicles,25106.6,Balranald,Far West,Regional,10300
2018,1,Transport,On-road,Heavy Duty Vehicles,14385.1,Bathurst Regional,Central West and Orana,Regional,10470
2018,1,Transport,On-road,Heavy Duty Vehicles,107785.6,Bayside,Eastern Harbour City,Six Cities,10500
2018,1,Transport,On-road,Heavy Duty Vehicles,7442.9,Bega Valley,South East and Tablelands,Regional,10550
2018,1,Transport,On-road,Heavy Duty Vehicles,16782.8,Bellingen,North Coast,Regional,10600
2018,1,Transport,On-road,Heavy Duty Vehicles,13021.6,Berrigan,Riverina Murray,Regional,10650
2018,1,Transport,On-road,Heavy Duty Vehicles,225463.6,Blacktown,Central River City,Six Cities,10750
2018,1,Transport,On-road,Heavy Duty Vehicles,37865.4,Bland,Riverina Murray,Regional,10800
2018,1,Transport,On-road,Heavy Duty Vehicles,4444.4,Blayney,Central West and Orana,Regional,10850
2018,1,Transport,On-road,Heavy Duty Vehicles,47263.3,Blue Mountains,Western Parkland City,Six Cities,10900
2018,1,Transport,On-road,Heavy Duty Vehicles,16258.0,Bogan,Central West and Orana,Regional,10950
2018,1,Transport,On-road,Heavy Duty Vehicles,918.5,Bourke,Far West,Regional,11150
2018,1,Transport,On-road,Heavy Duty Vehicles,811.8,Brewarrina,Far West,Regional,11200
2018,1,Transport,On-road,Heavy Duty Vehicles,2468.5,Broken Hill,Far West,Regional,11250
2018,1,Transport,On-road,Heavy Duty Vehicles,9538.9,Burwood,Eastern Harbour City,Six Cities,11300
2018,1,Transport,On-road,Heavy Duty Vehicles,24920.7,Byron,North Coast,Regional,11350
2018,1,Transport,On-road,Heavy Duty Vehicles,7848.0,Cabonne,Central West and Orana,Regional,11400
2018,1,Transport,On-road,Heavy Duty Vehicles,28404.6,Camden,Western Parkland City,Six Cities,11450
2018,1,Transport,On-road,Heavy Duty Vehicles,127687.7,Campbelltown,Western Parkland City,Six Cities,11500
2018,1,Transport,On-road,Heavy Duty Vehicles,18790.1,Canada Bay,Eastern Harbour City,Six Cities,11520
2018,1,Transport,On-road,Heavy Duty Vehicles,167423.1,Canterbury-Bankstown,Central River City,Six Cities,11570
2018,1,Transport,On-road,Heavy Duty Vehicles,8257.6,Carrathool,Riverina Murray,Regional,11600
2018,1,Transport,On-road,Heavy Duty Vehicles,247491.1,Central Coast,Central Coast City,Six Cities,11650
2018,1,Transport,On-road,Heavy Duty Vehicles,27524.2,Central Darling,Far West,Regional,11700
2018,1,Transport,On-road,Heavy Duty Vehicles,51882.3,Cessnock,Lower Hunter and Greater Newcastle City,Six Cities,11720
2018,1,Transport,On-road,Heavy Duty Vehicles,102988.6,Clarence Valley,North Coast,Regional,11730
2018,1,Transport,On-road,Heavy Duty Vehicles,25385.9,Cobar,Far West,Regional,11750
2018,1,Transport,On-road,Heavy Duty Vehicles,58416.3,Coffs Harbour,North Coast,Regional,11800
2018,1,Transport,On-road,Heavy Duty Vehicles,14150.5,Coolamon,Riverina Murray,Regional,12000
2018,1,Transport,On-road,Heavy Duty Vehicles,8805.7,Coonamble,Central West and Orana,Regional,12150
2018,1,Transport,On-road,Heavy Duty Vehicles,117512.7,Cootamundra-Gundagai Regional,Riverina Murray,Regional,12160
2018,1,Transport,On-road,Heavy Duty Vehicles,7498.9,Cowra,Central West and Orana,Regional,12350
2018,1,Transport,On-road,Heavy Duty Vehicles,129202.1,Cumberland,Central River City,Six Cities,12380
2018,1,Transport,On-road,Heavy Duty Vehicles,28905.2,Dubbo Regional,Central West and Orana,Regional,12390
2018,1,Transport,On-road,Heavy Duty Vehicles,5574.1,Dungog,Upper Hunter,Regional,12700
2018,1,Transport,On-road,Heavy Duty Vehicles,8833.6,Edward River,Riverina Murray,Regional,12730
2018,1,Transport,On-road,Heavy Duty Vehicles,4681.9,Eurobodalla,South East and Tablelands,Regional,12750
2018,1,Transport,On-road,Heavy Duty Vehicles,101017.7,Fairfield,Western Parkland City,Six Cities,12850
2018,1,Transport,On-road,Heavy Duty Vehicles,15441.7,Federation,Riverina Murray,Regional,12870
2018,1,Transport,On-road,Heavy Duty Vehicles,25577.8,Forbes,Central West and Orana,Regional,12900
2018,1,Transport,On-road,Heavy Duty Vehicles,20534.8,Georges River,Central River City,Six Cities,12930
2018,1,Transport,On-road,Heavy Duty Vehicles,32439.7,Gilgandra,Central West and Orana,Regional,12950
2018,1,Transport,On-road,Heavy Duty Vehicles,7267.1,Glen Innes Severn,New England North West,Regional,13010
2018,1,Transport,On-road,Heavy Duty Vehicles,122679.6,Goulburn Mulwaree,South East and Tablelands,Regional,13310
2018,1,Transport,On-road,Heavy Duty Vehicles,108644.8,Greater Hume Shire,Riverina Murray,Regional,13340
2018,1,Transport,On-road,Heavy Duty Vehicles,7545.3,Griffith,Riverina Murray,Regional,13450
2018,1,Transport,On-road,Heavy Duty Vehicles,14604.5,Gunnedah,New England North West,Regional,13550
2018,1,Transport,On-road,Heavy Duty Vehicles,4496.2,Gwydir,New England North West,Regional,13660
2018,1,Transport,On-road,Heavy Duty Vehicles,19881.2,Hawkesbury,Western Parkland City,Six Cities,13800
2018,1,Transport,On-road,Heavy Duty Vehicles,34724.5,Hay,Riverina Murray,Regional,13850
2018,1,Transport,On-road,Heavy Duty Vehicles,53257.5,Hilltops,South East and Tablelands,Regional,13910
2018,1,Transport,On-road,Heavy Duty Vehicles,161382.5,Hornsby,Eastern Harbour City,Six Cities,14000
2018,1,Transport,On-road,Heavy Duty Vehicles,1112.6,Hunters Hill,Eastern Harbour City,Six Cities,14100
2018,1,Transport,On-road,Heavy Duty Vehicles,59891.9,Inner West,Eastern Harbour City,Six Cities,14170
2018,1,Transport,On-road,Heavy Duty Vehicles,3988.0,Inverell,New England North West,Regional,14200
2018,1,Transport,On-road,Heavy Duty Vehicles,3924.6,Junee,Riverina Murray,Regional,14300
2018,1,Transport,On-road,Heavy Duty Vehicles,45568.7,Kempsey,North Coast,Regional,14350
2018,1,Transport,On-road,Heavy Duty Vehicles,12227.9,Kiama,Illawarra-Shoalhaven City,Six Cities,14400
2018,1,Transport,On-road,Heavy Duty Vehicles,26583.9,Ku-Ring-Gai,Eastern Harbour City,Six Cities,14500
2018,1,Transport,On-road,Heavy Duty Vehicles,3549.3,Kyogle,North Coast,Regional,14550
2018,1,Transport,On-road,Heavy Duty Vehicles,9077.7,Lachlan,Central West and Orana,Regional,14600
2018,1,Transport,On-road,Heavy Duty Vehicles,159794.5,Lake Macquarie,Lower Hunter and Greater Newcastle City,Six Cities,14650
2018,1,Transport,On-road,Heavy Duty Vehicles,12414.3,Lane Cove,Eastern Harbour City,Six Cities,14700
2018,1,Transport,On-road,Heavy Duty Vehicles,4043.5,Leeton,Riverina Murray,Regional,14750
2018,1,Transport,On-road,Heavy Duty Vehicles,3168.3,Lismore,North Coast,Regional,14850
2018,1,Transport,On-road,Heavy Duty Vehicles,23494.0,Lithgow,Central West and Orana,Regional,14870
2018,1,Transport,On-road,Heavy Duty Vehicles,185111.3,Liverpool,Western Parkland City,Six Cities,14900
2018,1,Transport,On-road,Heavy Duty Vehicles,12925.3,Liverpool Plains,New England North West,Regional,14920
2018,1,Transport,On-road,Heavy Duty Vehicles,2342.4,Lockhart,Riverina Murray,Regional,14950
2018,1,Transport,On-road,Heavy Duty Vehicles,10540.4,Maitland,Lower Hunter and Greater Newcastle City,Six Cities,15050
2018,1,Transport,On-road,Heavy Duty Vehicles,165557.0,Mid-Coast,Upper Hunter,Regional,15240
2018,1,Transport,On-road,Heavy Duty Vehicles,7348.6,Mid-Western Regional,Central West and Orana,Regional,15270
2018,1,Transport,On-road,Heavy Duty Vehicles,72565.9,Moree Plains,New England North West,Regional,15300
2018,1,Transport,On-road,Heavy Duty Vehicles,3078.8,Mosman,Eastern Harbour City,Six Cities,15350
2018,1,Transport,On-road,Heavy Duty Vehicles,17503.4,Murray River,Riverina Murray,Regional,15520
2018,1,Transport,On-road,Heavy Duty Vehicles,48755.6,Murrumbidgee,Riverina Murray,Regional,15560
2018,1,Transport,On-road,Heavy Duty Vehicles,42153.6,Muswellbrook,Upper Hunter,Regional,15650
2018,1,Transport,On-road,Heavy Duty Vehicles,34069.8,Nambucca,North Coast,Regional,15700
2018,1,Transport,On-road,Heavy Duty Vehicles,58252.7,Narrabri,New England North West,Regional,15750
2018,1,Transport,On-road,Heavy Duty Vehicles,47886.3,Narrandera,Riverina Murray,Regional,15800
2018,1,Transport,On-road,Heavy Duty Vehicles,13800.5,Narromine,Central West and Orana,Regional,15850
2018,1,Transport,On-road,Heavy Duty Vehicles,68216.8,Newcastle,Lower Hunter and Greater Newcastle City,Six Cities,15900
2018,1,Transport,On-road,Heavy Duty Vehicles,22869.9,North Sydney,Eastern Harbour City,Six Cities,15950
2018,1,Transport,On-road,Heavy Duty Vehicles,37752.4,Northern Beaches,Eastern Harbour City,Six Cities,15990
2018,1,Transport,On-road,Heavy Duty Vehicles,4068.8,Oberon,Central West and Orana,Regional,16100
2018,1,Transport,On-road,Heavy Duty Vehicles,2367.3,Orange,Central West and Orana,Regional,16150
2018,1,Transport,On-road,Heavy Duty Vehicles,27646.0,Parkes,Central West and Orana,Regional,16200
2018,1,Transport,On-road,Heavy Duty Vehicles,152275.3,Parramatta,Central River City,Six Cities,16260
2018,1,Transport,On-road,Heavy Duty Vehicles,77929.1,Penrith,Western Parkland City,Six Cities,16350
2018,1,Transport,On-road,Heavy Duty Vehicles,50275.3,Port Macquarie-Hastings,North Coast,Regional,16380
2018,1,Transport,On-road,Heavy Duty Vehicles,78554.2,Port Stephens,Lower Hunter and Greater Newcastle City,Six Cities,16400
2018,1,Transport,On-road,Heavy Duty Vehicles,4814.0,Queanbeyan-Palerang Regional,South East and Tablelands,Regional,16490
2018,1,Transport,On-road,Heavy Duty Vehicles,14761.3,Randwick,Eastern Harbour City,Six Cities,16550
2018,1,Transport,On-road,Heavy Duty Vehicles,35142.9,Richmond Valley,North Coast,Regional,16610
2018,1,Transport,On-road,Heavy Duty Vehicles,39585.7,Ryde,Eastern Harbour City,Six Cities,16700
2018,1,Transport,On-road,Heavy Duty Vehicles,17455.2,Shellharbour,Illawarra-Shoalhaven City,Six Cities,16900
2018,1,Transport,On-road,Heavy Duty Vehicles,34488.5,Shoalhaven,Illawarra-Shoalhaven City,Six Cities,16950
2018,1,Transport,On-road,Heavy Duty Vehicles,144221.7,Singleton,Upper Hunter,Regional,17000
2018,1,Transport,On-road,Heavy Duty Vehicles,16226.2,Snowy Monaro Regional,South East and Tablelands,Regional,17040
2018,1,Transport,On-road,Heavy Duty Vehicles,19845.9,Snowy Valleys,Riverina Murray,Regional,17080
2018,1,Transport,On-road,Heavy Duty Vehicles,25810.6,Strathfield,Eastern Harbour City,Six Cities,17100
2018,1,Transport,On-road,Heavy Duty Vehicles,56094.5,Sutherland Shire,Central River City,Six Cities,17150
2018,1,Transport,On-road,Heavy Duty Vehicles,48259.7,Sydney,Eastern Harbour City,Six Cities,17200
2018,1,Transport,On-road,Heavy Duty Vehicles,13742.0,Tamworth Regional,New England North West,Regional,17310
2018,1,Transport,On-road,Heavy Duty Vehicles,5825.9,Temora,Riverina Murray,Regional,17350
2018,1,Transport,On-road,Heavy Duty Vehicles,8476.4,Tenterfield,New England North West,Regional,17400
2018,1,Transport,On-road,Heavy Duty Vehicles,58983.8,The Hills Shire,Central River City,Six Cities,17420
2018,1,Transport,On-road,Heavy Duty Vehicles,31176.0,Tweed,North Coast,Regional,17550
2018,1,Transport,On-road,Heavy Duty Vehicles,31081.6,Unincorporated NSW,Far West,Regional,19399
2018,1,Transport,On-road,Heavy Duty Vehicles,27556.6,Upper Hunter Shire,Upper Hunter,Regional,17620
2018,1,Transport,On-road,Heavy Duty Vehicles,76048.8,Upper Lachlan Shire,South East and Tablelands,Regional,17640
2018,1,Transport,On-road,Heavy Duty Vehicles,2912.7,Uralla,New England North West,Regional,17650
2018,1,Transport,On-road,Heavy Duty Vehicles,98259.1,Wagga Wagga,Riverina Murray,Regional,17750
2018,1,Transport,On-road,Heavy Duty Vehicles,3000.5,Walcha,New England North West,Regional,17850
2018,1,Transport,On-road,Heavy Duty Vehicles,9737.5,Walgett,Far West,Regional,17900
2018,1,Transport,On-road,Heavy Duty Vehicles,18695.6,Warren,Central West and Orana,Regional,17950
2018,1,Transport,On-road,Heavy Duty Vehicles,42149.1,Warrumbungle Shire,Central West and Orana,Regional,18020
2018,1,Transport,On-road,Heavy Duty Vehicles,838.0,Waverley,Eastern Harbour City,Six Cities,18050
2018,1,Transport,On-road,Heavy Duty Vehicles,18988.6,Weddin,Central West and Orana,Regional,18100
2018,1,Transport,On-road,Heavy Duty Vehicles,22778.0,Wentworth,Far West,Regional,18200
2018,1,Transport,On-road,Heavy Duty Vehicles,24776.2,Willoughby,Eastern Harbour City,Six Cities,18250
2018,1,Transport,On-road,Heavy Duty Vehicles,170646.1,Wingecarribee,South East and Tablelands,Regional,18350
2018,1,Transport,On-road,Heavy Duty Vehicles,113935.1,Wollondilly,Western Parkland City,Six Cities,18400
2018,1,Transport,On-road,Heavy Duty Vehicles,92083.7,Wollongong,Illawarra-Shoalhaven City,Six Cities,18450
2018,1,Transport,On-road,Heavy Duty Vehicles,1643.3,Woollahra,Eastern Harbour City,Six Cities,18500
2018,1,Transport,On-road,Heavy Duty Vehicles,84723.6,Yass Valley,South East and Tablelands,Regional,18710
2019,1,Transport,On-road,Heavy Duty Vehicles,30872.9,Albury,Riverina Murray,Regional,10050
2019,1,Transport,On-road,Heavy Duty Vehicles,6112.2,Armidale Regional,New England North West,Regional,10130
2019,1,Transport,On-road,Heavy Duty Vehicles,28142.7,Ballina,North Coast,Regional,10250
2019,1,Transport,On-road,Heavy Duty Vehicles,25979.5,Balranald,Far West,Regional,10300
2019,1,Transport,On-road,Heavy Duty Vehicles,14748.9,Bathurst Regional,Central West and Orana,Regional,10470
2019,1,Transport,On-road,Heavy Duty Vehicles,107987.1,Bayside,Eastern Harbour City,Six Cities,10500
2019,1,Transport,On-road,Heavy Duty Vehicles,7574.4,Bega Valley,South East and Tablelands,Regional,10550
2019,1,Transport,On-road,Heavy Duty Vehicles,17045.2,Bellingen,North Coast,Regional,10600
2019,1,Transport,On-road,Heavy Duty Vehicles,13482.8,Berrigan,Riverina Murray,Regional,10650
2019,1,Transport,On-road,Heavy Duty Vehicles,233816.3,Blacktown,Central River City,Six Cities,10750
2019,1,Transport,On-road,Heavy Duty Vehicles,39152.4,Bland,Riverina Murray,Regional,10800
2019,1,Transport,On-road,Heavy Duty Vehicles,4581.7,Blayney,Central West and Orana,Regional,10850
2019,1,Transport,On-road,Heavy Duty Vehicles,49633.6,Blue Mountains,Western Parkland City,Six Cities,10900
2019,1,Transport,On-road,Heavy Duty Vehicles,16782.1,Bogan,Central West and Orana,Regional,10950
2019,1,Transport,On-road,Heavy Duty Vehicles,955.5,Bourke,Far West,Regional,11150
2019,1,Transport,On-road,Heavy Duty Vehicles,846.2,Brewarrina,Far West,Regional,11200
2019,1,Transport,On-road,Heavy Duty Vehicles,2542.5,Broken Hill,Far West,Regional,11250
2019,1,Transport,On-road,Heavy Duty Vehicles,9855.1,Burwood,Eastern Harbour City,Six Cities,11300
2019,1,Transport,On-road,Heavy Duty Vehicles,25848.7,Byron,North Coast,Regional,11350
2019,1,Transport,On-road,Heavy Duty Vehicles,8159.5,Cabonne,Central West and Orana,Regional,11400
2019,1,Transport,On-road,Heavy Duty Vehicles,29023.4,Camden,Western Parkland City,Six Cities,11450
2019,1,Transport,On-road,Heavy Duty Vehicles,130968.4,Campbelltown,Western Parkland City,Six Cities,11500
2019,1,Transport,On-road,Heavy Duty Vehicles,20339.6,Canada Bay,Eastern Harbour City,Six Cities,11520
2019,1,Transport,On-road,Heavy Duty Vehicles,168039.4,Canterbury-Bankstown,Central River City,Six Cities,11570
2019,1,Transport,On-road,Heavy Duty Vehicles,8555.6,Carrathool,Riverina Murray,Regional,11600
2019,1,Transport,On-road,Heavy Duty Vehicles,256860.5,Central Coast,Central Coast City,Six Cities,11650
2019,1,Transport,On-road,Heavy Duty Vehicles,28345.6,Central Darling,Far West,Regional,11700
2019,1,Transport,On-road,Heavy Duty Vehicles,53696.4,Cessnock,Lower Hunter and Greater Newcastle City,Six Cities,11720
2019,1,Transport,On-road,Heavy Duty Vehicles,102394.0,Clarence Valley,North Coast,Regional,11730
2019,1,Transport,On-road,Heavy Duty Vehicles,26200.8,Cobar,Far West,Regional,11750
2019,1,Transport,On-road,Heavy Duty Vehicles,67773.8,Coffs Harbour,North Coast,Regional,11800
2019,1,Transport,On-road,Heavy Duty Vehicles,14658.9,Coolamon,Riverina Murray,Regional,12000
2019,1,Transport,On-road,Heavy Duty Vehicles,9095.4,Coonamble,Central West and Orana,Regional,12150
2019,1,Transport,On-road,Heavy Duty Vehicles,121416.7,Cootamundra-Gundagai Regional,Riverina Murray,Regional,12160
2019,1,Transport,On-road,Heavy Duty Vehicles,7776.1,Cowra,Central West and Orana,Regional,12350
2019,1,Transport,On-road,Heavy Duty Vehicles,135020.8,Cumberland,Central River City,Six Cities,12380
2019,1,Transport,On-road,Heavy Duty Vehicles,30057.7,Dubbo Regional,Central West and Orana,Regional,12390
2019,1,Transport,On-road,Heavy Duty Vehicles,5842.2,Dungog,Upper Hunter,Regional,12700
2019,1,Transport,On-road,Heavy Duty Vehicles,9145.4,Edward River,Riverina Murray,Regional,12730
2019,1,Transport,On-road,Heavy Duty Vehicles,4822.3,Eurobodalla,South East and Tablelands,Regional,12750
2019,1,Transport,On-road,Heavy Duty Vehicles,103883.4,Fairfield,Western Parkland City,Six Cities,12850
2019,1,Transport,On-road,Heavy Duty Vehicles,15997.6,Federation,Riverina Murray,Regional,12870
2019,1,Transport,On-road,Heavy Duty Vehicles,26447.7,Forbes,Central West and Orana,Regional,12900
2019,1,Transport,On-road,Heavy Duty Vehicles,20687.1,Georges River,Central River City,Six Cities,12930
2019,1,Transport,On-road,Heavy Duty Vehicles,33607.9,Gilgandra,Central West and Orana,Regional,12950
2019,1,Transport,On-road,Heavy Duty Vehicles,7489.3,Glen Innes Severn,New England North West,Regional,13010
2019,1,Transport,On-road,Heavy Duty Vehicles,126778.9,Goulburn Mulwaree,South East and Tablelands,Regional,13310
2019,1,Transport,On-road,Heavy Duty Vehicles,112106.7,Greater Hume Shire,Riverina Murray,Regional,13340
2019,1,Transport,On-road,Heavy Duty Vehicles,7809.9,Griffith,Riverina Murray,Regional,13450
2019,1,Transport,On-road,Heavy Duty Vehicles,15302.3,Gunnedah,New England North West,Regional,13550
2019,1,Transport,On-road,Heavy Duty Vehicles,4684.8,Gwydir,New England North West,Regional,13660
2019,1,Transport,On-road,Heavy Duty Vehicles,19888.2,Hawkesbury,Western Parkland City,Six Cities,13800
2019,1,Transport,On-road,Heavy Duty Vehicles,35946.4,Hay,Riverina Murray,Regional,13850
2019,1,Transport,On-road,Heavy Duty Vehicles,55068.1,Hilltops,South East and Tablelands,Regional,13910
2019,1,Transport,On-road,Heavy Duty Vehicles,167825.5,Hornsby,Eastern Harbour City,Six Cities,14000
2019,1,Transport,On-road,Heavy Duty Vehicles,1080.7,Hunters Hill,Eastern Harbour City,Six Cities,14100
2019,1,Transport,On-road,Heavy Duty Vehicles,71301.0,Inner West,Eastern Harbour City,Six Cities,14170
2019,1,Transport,On-road,Heavy Duty Vehicles,4157.4,Inverell,New England North West,Regional,14200
2019,1,Transport,On-road,Heavy Duty Vehicles,4100.9,Junee,Riverina Murray,Regional,14300
2019,1,Transport,On-road,Heavy Duty Vehicles,46420.2,Kempsey,North Coast,Regional,14350
2019,1,Transport,On-road,Heavy Duty Vehicles,12668.5,Kiama,Illawarra-Shoalhaven City,Six Cities,14400
2019,1,Transport,On-road,Heavy Duty Vehicles,24776.9,Ku-Ring-Gai,Eastern Harbour City,Six Cities,14500
2019,1,Transport,On-road,Heavy Duty Vehicles,3744.8,Kyogle,North Coast,Regional,14550
2019,1,Transport,On-road,Heavy Duty Vehicles,9365.1,Lachlan,Central West and Orana,Regional,14600
2019,1,Transport,On-road,Heavy Duty Vehicles,166233.8,Lake Macquarie,Lower Hunter and Greater Newcastle City,Six Cities,14650
2019,1,Transport,On-road,Heavy Duty Vehicles,12638.8,Lane Cove,Eastern Harbour City,Six Cities,14700
2019,1,Transport,On-road,Heavy Duty Vehicles,4185.0,Leeton,Riverina Murray,Regional,14750
2019,1,Transport,On-road,Heavy Duty Vehicles,3308.6,Lismore,North Coast,Regional,14850
2019,1,Transport,On-road,Heavy Duty Vehicles,24118.2,Lithgow,Central West and Orana,Regional,14870
2019,1,Transport,On-road,Heavy Duty Vehicles,193366.8,Liverpool,Western Parkland City,Six Cities,14900
2019,1,Transport,On-road,Heavy Duty Vehicles,13521.7,Liverpool Plains,New England North West,Regional,14920
2019,1,Transport,On-road,Heavy Duty Vehicles,2449.3,Lockhart,Riverina Murray,Regional,14950
2019,1,Transport,On-road,Heavy Duty Vehicles,10722.1,Maitland,Lower Hunter and Greater Newcastle City,Six Cities,15050
2019,1,Transport,On-road,Heavy Duty Vehicles,171661.2,Mid-Coast,Upper Hunter,Regional,15240
2019,1,Transport,On-road,Heavy Duty Vehicles,7679.3,Mid-Western Regional,Central West and Orana,Regional,15270
2019,1,Transport,On-road,Heavy Duty Vehicles,75099.9,Moree Plains,New England North West,Regional,15300
2019,1,Transport,On-road,Heavy Duty Vehicles,2185.0,Mosman,Eastern Harbour City,Six Cities,15350
2019,1,Transport,On-road,Heavy Duty Vehicles,18121.5,Murray River,Riverina Murray,Regional,15520
2019,1,Transport,On-road,Heavy Duty Vehicles,50522.0,Murrumbidgee,Riverina Murray,Regional,15560
2019,1,Transport,On-road,Heavy Duty Vehicles,43920.9,Muswellbrook,Upper Hunter,Regional,15650
2019,1,Transport,On-road,Heavy Duty Vehicles,34152.4,Nambucca,North Coast,Regional,15700
2019,1,Transport,On-road,Heavy Duty Vehicles,60324.7,Narrabri,New England North West,Regional,15750
2019,1,Transport,On-road,Heavy Duty Vehicles,49616.3,Narrandera,Riverina Murray,Regional,15800
2019,1,Transport,On-road,Heavy Duty Vehicles,14298.3,Narromine,Central West and Orana,Regional,15850
2019,1,Transport,On-road,Heavy Duty Vehicles,70234.3,Newcastle,Lower Hunter and Greater Newcastle City,Six Cities,15900
2019,1,Transport,On-road,Heavy Duty Vehicles,23405.6,North Sydney,Eastern Harbour City,Six Cities,15950
2019,1,Transport,On-road,Heavy Duty Vehicles,39605.1,Northern Beaches,Eastern Harbour City,Six Cities,15990
2019,1,Transport,On-road,Heavy Duty Vehicles,4120.2,Oberon,Central West and Orana,Regional,16100
2019,1,Transport,On-road,Heavy Duty Vehicles,2445.2,Orange,Central West and Orana,Regional,16150
2019,1,Transport,On-road,Heavy Duty Vehicles,28601.2,Parkes,Central West and Orana,Regional,16200
2019,1,Transport,On-road,Heavy Duty Vehicles,159165.6,Parramatta,Central River City,Six Cities,16260
2019,1,Transport,On-road,Heavy Duty Vehicles,81955.7,Penrith,Western Parkland City,Six Cities,16350
2019,1,Transport,On-road,Heavy Duty Vehicles,52160.1,Port Macquarie-Hastings,North Coast,Regional,16380
2019,1,Transport,On-road,Heavy Duty Vehicles,81359.4,Port Stephens,Lower Hunter and Greater Newcastle City,Six Cities,16400
2019,1,Transport,On-road,Heavy Duty Vehicles,4990.6,Queanbeyan-Palerang Regional,South East and Tablelands,Regional,16490
2019,1,Transport,On-road,Heavy Duty Vehicles,14622.8,Randwick,Eastern Harbour City,Six Cities,16550
2019,1,Transport,On-road,Heavy Duty Vehicles,36449.2,Richmond Valley,North Coast,Regional,16610
2019,1,Transport,On-road,Heavy Duty Vehicles,39557.7,Ryde,Eastern Harbour City,Six Cities,16700
2019,1,Transport,On-road,Heavy Duty Vehicles,18345.5,Shellharbour,Illawarra-Shoalhaven City,Six Cities,16900
2019,1,Transport,On-road,Heavy Duty Vehicles,35819.9,Shoalhaven,Illawarra-Shoalhaven City,Six Cities,16950
2019,1,Transport,On-road,Heavy Duty Vehicles,148741.4,Singleton,Upper Hunter,Regional,17000
2019,1,Transport,On-road,Heavy Duty Vehicles,16548.4,Snowy Monaro Regional,South East and Tablelands,Regional,17040
2019,1,Transport,On-road,Heavy Duty Vehicles,20164.7,Snowy Valleys,Riverina Murray,Regional,17080
2019,1,Transport,On-road,Heavy Duty Vehicles,26093.2,Strathfield,Eastern Harbour City,Six Cities,17100
2019,1,Transport,On-road,Heavy Duty Vehicles,57900.0,Sutherland Shire,Central River City,Six Cities,17150
2019,1,Transport,On-road,Heavy Duty Vehicles,47163.0,Sydney,Eastern Harbour City,Six Cities,17200
2019,1,Transport,On-road,Heavy Duty Vehicles,14246.9,Tamworth Regional,New England North West,Regional,17310
2019,1,Transport,On-road,Heavy Duty Vehicles,6065.4,Temora,Riverina Murray,Regional,17350
2019,1,Transport,On-road,Heavy Duty Vehicles,8737.4,Tenterfield,New England North West,Regional,17400
2019,1,Transport,On-road,Heavy Duty Vehicles,60175.9,The Hills Shire,Central River City,Six Cities,17420
2019,1,Transport,On-road,Heavy Duty Vehicles,32327.8,Tweed,North Coast,Regional,17550
2019,1,Transport,On-road,Heavy Duty Vehicles,32601.5,Unincorporated NSW,Far West,Regional,19399
2019,1,Transport,On-road,Heavy Duty Vehicles,28769.2,Upper Hunter Shire,Upper Hunter,Regional,17620
2019,1,Transport,On-road,Heavy Duty Vehicles,78588.8,Upper Lachlan Shire,South East and Tablelands,Regional,17640
2019,1,Transport,On-road,Heavy Duty Vehicles,3002.8,Uralla,New England North West,Regional,17650
2019,1,Transport,On-road,Heavy Duty Vehicles,101605.6,Wagga Wagga,Riverina Murray,Regional,17750
2019,1,Transport,On-road,Heavy Duty Vehicles,3103.3,Walcha,New England North West,Regional,17850
2019,1,Transport,On-road,Heavy Duty Vehicles,10080.6,Walgett,Far West,Regional,17900
2019,1,Transport,On-road,Heavy Duty Vehicles,19299.5,Warren,Central West and Orana,Regional,17950
2019,1,Transport,On-road,Heavy Duty Vehicles,43767.6,Warrumbungle Shire,Central West and Orana,Regional,18020
2019,1,Transport,On-road,Heavy Duty Vehicles,859.9,Waverley,Eastern Harbour City,Six Cities,18050
2019,1,Transport,On-road,Heavy Duty Vehicles,19621.8,Weddin,Central West and Orana,Regional,18100
2019,1,Transport,On-road,Heavy Duty Vehicles,23474.4,Wentworth,Far West,Regional,18200
2019,1,Transport,On-road,Heavy Duty Vehicles,25832.7,Willoughby,Eastern Harbour City,Six Cities,18250
2019,1,Transport,On-road,Heavy Duty Vehicles,176132.6,Wingecarribee,South East and Tablelands,Regional,18350
2019,1,Transport,On-road,Heavy Duty Vehicles,116670.7,Wollondilly,Western Parkland City,Six Cities,18400
2019,1,Transport,On-road,Heavy Duty Vehicles,95123.3,Wollongong,Illawarra-Shoalhaven City,Six Cities,18450
2019,1,Transport,On-road,Heavy Duty Vehicles,1729.0,Woollahra,Eastern Harbour City,Six Cities,18500
2019,1,Transport,On-road,Heavy Duty Vehicles,87564.0,Yass Valley,South East and Tablelands,Regional,18710
2016,1,Transport,Aviation (domestic),Aviation (domestic),"19,144.80",Albury,Riverina Murray,Regional,10050
2016,1,Transport,Aviation (domestic),Aviation (domestic),"10,089.90",Armidale Regional,New England North West,Regional,10130
2016,1,Transport,Aviation (domestic),Aviation (domestic),"36,846.70",Ballina,North Coast,Regional,10250
2016,1,Transport,Aviation (domestic),Aviation (domestic),0,Balranald,Far West,Regional,10300
2016,1,Transport,Aviation (domestic),Aviation (domestic),"1,549.00",Bathurst Regional,Central West and Orana,Regional,10470
2016,1,Transport,Aviation (domestic),Aviation (domestic),"2,077,657.10",Bayside,Eastern Harbour City,Six Cities,10500
2016,1,Transport,Aviation (domestic),Aviation (domestic),"4,231.70",Bega Valley,South East and Tablelands,Regional,10550
2016,1,Transport,Aviation (domestic),Aviation (domestic),0,Bellingen,North Coast,Regional,10600
2016,1,Transport,Aviation (domestic),Aviation (domestic),0,Berrigan,Riverina Murray,Regional,10650
2016,1,Transport,Aviation (domestic),Aviation (domestic),0,Blacktown,Central River City,Six Cities,10750
2016,1,Transport,Aviation (domestic),Aviation (domestic),0,Bland,Riverina Murray,Regional,10800
2016,1,Transport,Aviation (domestic),Aviation (domestic),0,Blayney,Central West and Orana,Regional,10850
2016,1,Transport,Aviation (domestic),Aviation (domestic),0,Blue Mountains,Western Parkland City,Six Cities,10900
2016,1,Transport,Aviation (domestic),Aviation (domestic),0,Bogan,Central West and Orana,Regional,10950
2016,1,Transport,Aviation (domestic),Aviation (domestic),0,Bourke,Far West,Regional,11150
2016,1,Transport,Aviation (domestic),Aviation (domestic),0,Brewarrina,Far West,Regional,11200
2016,1,Transport,Aviation (domestic),Aviation (domestic),"4,170.50",Broken Hill,Far West,Regional,11250
2016,1,Transport,Aviation (domestic),Aviation (domestic),0,Burwood,Eastern Harbour City,Six Cities,11300
2016,1,Transport,Aviation (domestic),Aviation (domestic),0,Byron,North Coast,Regional,11350
2016,1,Transport,Aviation (domestic),Aviation (domestic),0,Cabonne,Central West and Orana,Regional,11400
2016,1,Transport,Aviation (domestic),Aviation (domestic),0,Camden,Western Parkland City,Six Cities,11450
2016,1,Transport,Aviation (domestic),Aviation (domestic),0,Campbelltown,Western Parkland City,Six Cities,11500
2016,1,Transport,Aviation (domestic),Aviation (domestic),0,Canada Bay,Eastern Harbour City,Six Cities,11520
2016,1,Transport,Aviation (domestic),Aviation (domestic),0,Canterbury-Bankstown,Central River City,Six Cities,11570
2016,1,Transport,Aviation (domestic),Aviation (domestic),0,Carrathool,Riverina Murray,Regional,11600
2016,1,Transport,Aviation (domestic),Aviation (domestic),0,Central Coast,Central Coast City,Six Cities,11650
2016,1,Transport,Aviation (domestic),Aviation (domestic),0,Central Darling,Far West,Regional,11700
2016,1,Transport,Aviation (domestic),Aviation (domestic),0,Cessnock,Lower Hunter and Greater Newcastle City,Six Cities,11720
2016,1,Transport,Aviation (domestic),Aviation (domestic),0,Clarence Valley,North Coast,Regional,11730
2016,1,Transport,Aviation (domestic),Aviation (domestic),0,Cobar,Far West,Regional,11750
2016,1,Transport,Aviation (domestic),Aviation (domestic),"29,406.20",Coffs Harbour,North Coast,Regional,11800
2016,1,Transport,Aviation (domestic),Aviation (domestic),0,Coolamon,Riverina Murray,Regional,12000
2016,1,Transport,Aviation (domestic),Aviation (domestic),0,Coonamble,Central West and Orana,Regional,12150
2016,1,Transport,Aviation (domestic),Aviation (domestic),0,Cootamundra-Gundagai Regional,Riverina Murray,Regional,12160
2016,1,Transport,Aviation (domestic),Aviation (domestic),0,Cowra,Central West and Orana,Regional,12350
2016,1,Transport,Aviation (domestic),Aviation (domestic),0,Cumberland,Central River City,Six Cities,12380
2016,1,Transport,Aviation (domestic),Aviation (domestic),"14,876.60",Dubbo Regional,Central West and Orana,Regional,12390
2016,1,Transport,Aviation (domestic),Aviation (domestic),0,Dungog,Upper Hunter,Regional,12700
2016,1,Transport,Aviation (domestic),Aviation (domestic),0,Edward River,Riverina Murray,Regional,12730
2016,1,Transport,Aviation (domestic),Aviation (domestic),"1,393.30",Eurobodalla,South East and Tablelands,Regional,12750
2016,1,Transport,Aviation (domestic),Aviation (domestic),0,Fairfield,Western Parkland City,Six Cities,12850
2016,1,Transport,Aviation (domestic),Aviation (domestic),0,Federation,Riverina Murray,Regional,12870
2016,1,Transport,Aviation (domestic),Aviation (domestic),0,Forbes,Central West and Orana,Regional,12900
2016,1,Transport,Aviation (domestic),Aviation (domestic),0,Georges River,Central River City,Six Cities,12930
2016,1,Transport,Aviation (domestic),Aviation (domestic),0,Gilgandra,Central West and Orana,Regional,12950
2016,1,Transport,Aviation (domestic),Aviation (domestic),0,Glen Innes Severn,New England North West,Regional,13010
2016,1,Transport,Aviation (domestic),Aviation (domestic),0,Goulburn Mulwaree,South East and Tablelands,Regional,13310
2016,1,Transport,Aviation (domestic),Aviation (domestic),0,Greater Hume Shire,Riverina Murray,Regional,13340
2016,1,Transport,Aviation (domestic),Aviation (domestic),"4,872.10",Griffith,Riverina Murray,Regional,13450
2016,1,Transport,Aviation (domestic),Aviation (domestic),0,Gunnedah,New England North West,Regional,13550
2016,1,Transport,Aviation (domestic),Aviation (domestic),0,Gwydir,New England North West,Regional,13660
2016,1,Transport,Aviation (domestic),Aviation (domestic),0,Hawkesbury,Western Parkland City,Six Cities,13800
2016,1,Transport,Aviation (domestic),Aviation (domestic),0,Hay,Riverina Murray,Regional,13850
2016,1,Transport,Aviation (domestic),Aviation (domestic),0,Hilltops,South East and Tablelands,Regional,13910
2016,1,Transport,Aviation (domestic),Aviation (domestic),0,Hornsby,Eastern Harbour City,Six Cities,14000
2016,1,Transport,Aviation (domestic),Aviation (domestic),0,Hunters Hill,Eastern Harbour City,Six Cities,14100
2016,1,Transport,Aviation (domestic),Aviation (domestic),0,Inner West,Eastern Harbour City,Six Cities,14170
2016,1,Transport,Aviation (domestic),Aviation (domestic),0,Inverell,New England North West,Regional,14200
2016,1,Transport,Aviation (domestic),Aviation (domestic),0,Junee,Riverina Murray,Regional,14300
2016,1,Transport,Aviation (domestic),Aviation (domestic),0,Kempsey,North Coast,Regional,14350
2016,1,Transport,Aviation (domestic),Aviation (domestic),0,Kiama,Illawarra-Shoalhaven City,Six Cities,14400
2016,1,Transport,Aviation (domestic),Aviation (domestic),0,Ku-Ring-Gai,Eastern Harbour City,Six Cities,14500
2016,1,Transport,Aviation (domestic),Aviation (domestic),0,Kyogle,North Coast,Regional,14550
2016,1,Transport,Aviation (domestic),Aviation (domestic),0,Lachlan,Central West and Orana,Regional,14600
2016,1,Transport,Aviation (domestic),Aviation (domestic),0,Lake Macquarie,Lower Hunter and Greater Newcastle City,Six Cities,14650
2016,1,Transport,Aviation (domestic),Aviation (domestic),0,Lane Cove,Eastern Harbour City,Six Cities,14700
2016,1,Transport,Aviation (domestic),Aviation (domestic),0,Leeton,Riverina Murray,Regional,14750
2016,1,Transport,Aviation (domestic),Aviation (domestic),"1,725.10",Lismore,North Coast,Regional,14850
2016,1,Transport,Aviation (domestic),Aviation (domestic),0,Lithgow,Central West and Orana,Regional,14870
2016,1,Transport,Aviation (domestic),Aviation (domestic),0,Liverpool,Western Parkland City,Six Cities,14900
2016,1,Transport,Aviation (domestic),Aviation (domestic),0,Liverpool Plains,New England North West,Regional,14920
2016,1,Transport,Aviation (domestic),Aviation (domestic),0,Lockhart,Riverina Murray,Regional,14950
2016,1,Transport,Aviation (domestic),Aviation (domestic),0,Maitland,Lower Hunter and Greater Newcastle City,Six Cities,15050
2016,1,Transport,Aviation (domestic),Aviation (domestic),0,Mid-Coast,Upper Hunter,Regional,15240
2016,1,Transport,Aviation (domestic),Aviation (domestic),0,Mid-Western Regional,Central West and Orana,Regional,15270
2016,1,Transport,Aviation (domestic),Aviation (domestic),"2,684.30",Moree Plains,New England North West,Regional,15300
2016,1,Transport,Aviation (domestic),Aviation (domestic),0,Mosman,Eastern Harbour City,Six Cities,15350
2016,1,Transport,Aviation (domestic),Aviation (domestic),0,Murray River,Riverina Murray,Regional,15520
2016,1,Transport,Aviation (domestic),Aviation (domestic),0,Murrumbidgee,Riverina Murray,Regional,15560
2016,1,Transport,Aviation (domestic),Aviation (domestic),0,Muswellbrook,Upper Hunter,Regional,15650
2016,1,Transport,Aviation (domestic),Aviation (domestic),0,Nambucca,North Coast,Regional,15700
2016,1,Transport,Aviation (domestic),Aviation (domestic),0,Narrabri,New England North West,Regional,15750
2016,1,Transport,Aviation (domestic),Aviation (domestic),"1,026.70",Narrandera,Riverina Murray,Regional,15800
2016,1,Transport,Aviation (domestic),Aviation (domestic),0,Narromine,Central West and Orana,Regional,15850
2016,1,Transport,Aviation (domestic),Aviation (domestic),0,Newcastle,Lower Hunter and Greater Newcastle City,Six Cities,15900
2016,1,Transport,Aviation (domestic),Aviation (domestic),0,North Sydney,Eastern Harbour City,Six Cities,15950
2016,1,Transport,Aviation (domestic),Aviation (domestic),0,Northern Beaches,Eastern Harbour City,Six Cities,15990
2016,1,Transport,Aviation (domestic),Aviation (domestic),0,Oberon,Central West and Orana,Regional,16100
2016,1,Transport,Aviation (domestic),Aviation (domestic),"3,884.30",Orange,Central West and Orana,Regional,16150
2016,1,Transport,Aviation (domestic),Aviation (domestic),"2,147.20",Parkes,Central West and Orana,Regional,16200
2016,1,Transport,Aviation (domestic),Aviation (domestic),0,Parramatta,Central River City,Six Cities,16260
2016,1,Transport,Aviation (domestic),Aviation (domestic),0,Penrith,Western Parkland City,Six Cities,16350
2016,1,Transport,Aviation (domestic),Aviation (domestic),"17,518.60",Port Macquarie-Hastings,North Coast,Regional,16380
2016,1,Transport,Aviation (domestic),Aviation (domestic),"92,379.60",Port Stephens,Lower Hunter and Greater Newcastle City,Six Cities,16400
2016,1,Transport,Aviation (domestic),Aviation (domestic),0,Queanbeyan-Palerang Regional,South East and Tablelands,Regional,16490
2016,1,Transport,Aviation (domestic),Aviation (domestic),0,Randwick,Eastern Harbour City,Six Cities,16550
2016,1,Transport,Aviation (domestic),Aviation (domestic),0,Richmond Valley,North Coast,Regional,16610
2016,1,Transport,Aviation (domestic),Aviation (domestic),0,Ryde,Eastern Harbour City,Six Cities,16700
2016,1,Transport,Aviation (domestic),Aviation (domestic),0,Shellharbour,Illawarra-Shoalhaven City,Six Cities,16900
2016,1,Transport,Aviation (domestic),Aviation (domestic),0,Shoalhaven,Illawarra-Shoalhaven City,Six Cities,16950
2016,1,Transport,Aviation (domestic),Aviation (domestic),0,Singleton,Upper Hunter,Regional,17000
2016,1,Transport,Aviation (domestic),Aviation (domestic),0,Snowy Monaro Regional,South East and Tablelands,Regional,17040
2016,1,Transport,Aviation (domestic),Aviation (domestic),0,Snowy Valleys,Riverina Murray,Regional,17080
2016,1,Transport,Aviation (domestic),Aviation (domestic),0,Strathfield,Eastern Harbour City,Six Cities,17100
2016,1,Transport,Aviation (domestic),Aviation (domestic),0,Sutherland Shire,Central River City,Six Cities,17150
2016,1,Transport,Aviation (domestic),Aviation (domestic),0,Sydney,Eastern Harbour City,Six Cities,17200
2016,1,Transport,Aviation (domestic),Aviation (domestic),"12,914.80",Tamworth Regional,New England North West,Regional,17310
2016,1,Transport,Aviation (domestic),Aviation (domestic),0,Temora,Riverina Murray,Regional,17350
2016,1,Transport,Aviation (domestic),Aviation (domestic),0,Tenterfield,New England North West,Regional,17400
2016,1,Transport,Aviation (domestic),Aviation (domestic),0,The Hills Shire,Central River City,Six Cities,17420
2016,1,Transport,Aviation (domestic),Aviation (domestic),0,Tweed,North Coast,Regional,17550
2016,1,Transport,Aviation (domestic),Aviation (domestic),"2,703.30",Unincorporated NSW,Far West,Regional,19399
2016,1,Transport,Aviation (domestic),Aviation (domestic),0,Upper Hunter Shire,Upper Hunter,Regional,17620
2016,1,Transport,Aviation (domestic),Aviation (domestic),0,Upper Lachlan Shire,South East and Tablelands,Regional,17640
2016,1,Transport,Aviation (domestic),Aviation (domestic),0,Uralla,New England North West,Regional,17650
2016,1,Transport,Aviation (domestic),Aviation (domestic),"16,832.60",Wagga Wagga,Riverina Murray,Regional,17750
2016,1,Transport,Aviation (domestic),Aviation (domestic),0,Walcha,New England North West,Regional,17850
2016,1,Transport,Aviation (domestic),Aviation (domestic),0,Walgett,Far West,Regional,17900
2016,1,Transport,Aviation (domestic),Aviation (domestic),0,Warren,Central West and Orana,Regional,17950
2016,1,Transport,Aviation (domestic),Aviation (domestic),0,Warrumbungle Shire,Central West and Orana,Regional,18020
2016,1,Transport,Aviation (domestic),Aviation (domestic),0,Waverley,Eastern Harbour City,Six Cities,18050
2016,1,Transport,Aviation (domestic),Aviation (domestic),0,Weddin,Central West and Orana,Regional,18100
2016,1,Transport,Aviation (domestic),Aviation (domestic),0,Wentworth,Far West,Regional,18200
2016,1,Transport,Aviation (domestic),Aviation (domestic),0,Willoughby,Eastern Harbour City,Six Cities,18250
2016,1,Transport,Aviation (domestic),Aviation (domestic),0,Wingecarribee,South East and Tablelands,Regional,18350
2016,1,Transport,Aviation (domestic),Aviation (domestic),0,Wollondilly,Western Parkland City,Six Cities,18400
2016,1,Transport,Aviation (domestic),Aviation (domestic),0,Wollongong,Illawarra-Shoalhaven City,Six Cities,18450
2016,1,Transport,Aviation (domestic),Aviation (domestic),0,Woollahra,Eastern Harbour City,Six Cities,18500
2016,1,Transport,Aviation (domestic),Aviation (domestic),0,Yass Valley,South East and Tablelands,Regional,18710
2017,1,Transport,Aviation (domestic),Aviation (domestic),"20,251.90",Albury,Riverina Murray,Regional,10050
2017,1,Transport,Aviation (domestic),Aviation (domestic),"10,200.50",Armidale Regional,New England North West,Regional,10130
2017,1,Transport,Aviation (domestic),Aviation (domestic),"39,454.20",Ballina,North Coast,Regional,10250
2017,1,Transport,Aviation (domestic),Aviation (domestic),0,Balranald,Far West,Regional,10300
2017,1,Transport,Aviation (domestic),Aviation (domestic),"1,642.70",Bathurst Regional,Central West and Orana,Regional,10470
2017,1,Transport,Aviation (domestic),Aviation (domestic),"2,122,677.70",Bayside,Eastern Harbour City,Six Cities,10500
2017,1,Transport,Aviation (domestic),Aviation (domestic),"4,492.40",Bega Valley,South East and Tablelands,Regional,10550
2017,1,Transport,Aviation (domestic),Aviation (domestic),0,Bellingen,North Coast,Regional,10600
2017,1,Transport,Aviation (domestic),Aviation (domestic),0,Berrigan,Riverina Murray,Regional,10650
2017,1,Transport,Aviation (domestic),Aviation (domestic),0,Blacktown,Central River City,Six Cities,10750
2017,1,Transport,Aviation (domestic),Aviation (domestic),0,Bland,Riverina Murray,Regional,10800
2017,1,Transport,Aviation (domestic),Aviation (domestic),0,Blayney,Central West and Orana,Regional,10850
2017,1,Transport,Aviation (domestic),Aviation (domestic),0,Blue Mountains,Western Parkland City,Six Cities,10900
2017,1,Transport,Aviation (domestic),Aviation (domestic),0,Bogan,Central West and Orana,Regional,10950
2017,1,Transport,Aviation (domestic),Aviation (domestic),0,Bourke,Far West,Regional,11150
2017,1,Transport,Aviation (domestic),Aviation (domestic),0,Brewarrina,Far West,Regional,11200
2017,1,Transport,Aviation (domestic),Aviation (domestic),"4,486.20",Broken Hill,Far West,Regional,11250
2017,1,Transport,Aviation (domestic),Aviation (domestic),0,Burwood,Eastern Harbour City,Six Cities,11300
2017,1,Transport,Aviation (domestic),Aviation (domestic),0,Byron,North Coast,Regional,11350
2017,1,Transport,Aviation (domestic),Aviation (domestic),0,Cabonne,Central West and Orana,Regional,11400
2017,1,Transport,Aviation (domestic),Aviation (domestic),0,Camden,Western Parkland City,Six Cities,11450
2017,1,Transport,Aviation (domestic),Aviation (domestic),0,Campbelltown,Western Parkland City,Six Cities,11500
2017,1,Transport,Aviation (domestic),Aviation (domestic),0,Canada Bay,Eastern Harbour City,Six Cities,11520
2017,1,Transport,Aviation (domestic),Aviation (domestic),0,Canterbury-Bankstown,Central River City,Six Cities,11570
2017,1,Transport,Aviation (domestic),Aviation (domestic),0,Carrathool,Riverina Murray,Regional,11600
2017,1,Transport,Aviation (domestic),Aviation (domestic),0,Central Coast,Central Coast City,Six Cities,11650
2017,1,Transport,Aviation (domestic),Aviation (domestic),0,Central Darling,Far West,Regional,11700
2017,1,Transport,Aviation (domestic),Aviation (domestic),0,Cessnock,Lower Hunter and Greater Newcastle City,Six Cities,11720
2017,1,Transport,Aviation (domestic),Aviation (domestic),0,Clarence Valley,North Coast,Regional,11730
2017,1,Transport,Aviation (domestic),Aviation (domestic),0,Cobar,Far West,Regional,11750
2017,1,Transport,Aviation (domestic),Aviation (domestic),"31,866.70",Coffs Harbour,North Coast,Regional,11800
2017,1,Transport,Aviation (domestic),Aviation (domestic),0,Coolamon,Riverina Murray,Regional,12000
2017,1,Transport,Aviation (domestic),Aviation (domestic),0,Coonamble,Central West and Orana,Regional,12150
2017,1,Transport,Aviation (domestic),Aviation (domestic),0,Cootamundra-Gundagai Regional,Riverina Murray,Regional,12160
2017,1,Transport,Aviation (domestic),Aviation (domestic),0,Cowra,Central West and Orana,Regional,12350
2017,1,Transport,Aviation (domestic),Aviation (domestic),0,Cumberland,Central River City,Six Cities,12380
2017,1,Transport,Aviation (domestic),Aviation (domestic),"16,809.30",Dubbo Regional,Central West and Orana,Regional,12390
2017,1,Transport,Aviation (domestic),Aviation (domestic),0,Dungog,Upper Hunter,Regional,12700
2017,1,Transport,Aviation (domestic),Aviation (domestic),0,Edward River,Riverina Murray,Regional,12730
2017,1,Transport,Aviation (domestic),Aviation (domestic),"1,438.30",Eurobodalla,South East and Tablelands,Regional,12750
2017,1,Transport,Aviation (domestic),Aviation (domestic),0,Fairfield,Western Parkland City,Six Cities,12850
2017,1,Transport,Aviation (domestic),Aviation (domestic),0,Federation,Riverina Murray,Regional,12870
2017,1,Transport,Aviation (domestic),Aviation (domestic),0,Forbes,Central West and Orana,Regional,12900
2017,1,Transport,Aviation (domestic),Aviation (domestic),0,Georges River,Central River City,Six Cities,12930
2017,1,Transport,Aviation (domestic),Aviation (domestic),0,Gilgandra,Central West and Orana,Regional,12950
2017,1,Transport,Aviation (domestic),Aviation (domestic),0,Glen Innes Severn,New England North West,Regional,13010
2017,1,Transport,Aviation (domestic),Aviation (domestic),0,Goulburn Mulwaree,South East and Tablelands,Regional,13310
2017,1,Transport,Aviation (domestic),Aviation (domestic),0,Greater Hume Shire,Riverina Murray,Regional,13340
2017,1,Transport,Aviation (domestic),Aviation (domestic),"5,260.50",Griffith,Riverina Murray,Regional,13450
2017,1,Transport,Aviation (domestic),Aviation (domestic),0,Gunnedah,New England North West,Regional,13550
2017,1,Transport,Aviation (domestic),Aviation (domestic),0,Gwydir,New England North West,Regional,13660
2017,1,Transport,Aviation (domestic),Aviation (domestic),0,Hawkesbury,Western Parkland City,Six Cities,13800
2017,1,Transport,Aviation (domestic),Aviation (domestic),0,Hay,Riverina Murray,Regional,13850
2017,1,Transport,Aviation (domestic),Aviation (domestic),0,Hilltops,South East and Tablelands,Regional,13910
2017,1,Transport,Aviation (domestic),Aviation (domestic),0,Hornsby,Eastern Harbour City,Six Cities,14000
2017,1,Transport,Aviation (domestic),Aviation (domestic),0,Hunters Hill,Eastern Harbour City,Six Cities,14100
2017,1,Transport,Aviation (domestic),Aviation (domestic),0,Inner West,Eastern Harbour City,Six Cities,14170
2017,1,Transport,Aviation (domestic),Aviation (domestic),0,Inverell,New England North West,Regional,14200
2017,1,Transport,Aviation (domestic),Aviation (domestic),0,Junee,Riverina Murray,Regional,14300
2017,1,Transport,Aviation (domestic),Aviation (domestic),0,Kempsey,North Coast,Regional,14350
2017,1,Transport,Aviation (domestic),Aviation (domestic),0,Kiama,Illawarra-Shoalhaven City,Six Cities,14400
2017,1,Transport,Aviation (domestic),Aviation (domestic),0,Ku-Ring-Gai,Eastern Harbour City,Six Cities,14500
2017,1,Transport,Aviation (domestic),Aviation (domestic),0,Kyogle,North Coast,Regional,14550
2017,1,Transport,Aviation (domestic),Aviation (domestic),0,Lachlan,Central West and Orana,Regional,14600
2017,1,Transport,Aviation (domestic),Aviation (domestic),0,Lake Macquarie,Lower Hunter and Greater Newcastle City,Six Cities,14650
2017,1,Transport,Aviation (domestic),Aviation (domestic),0,Lane Cove,Eastern Harbour City,Six Cities,14700
2017,1,Transport,Aviation (domestic),Aviation (domestic),0,Leeton,Riverina Murray,Regional,14750
2017,1,Transport,Aviation (domestic),Aviation (domestic),"1,418.70",Lismore,North Coast,Regional,14850
2017,1,Transport,Aviation (domestic),Aviation (domestic),0,Lithgow,Central West and Orana,Regional,14870
2017,1,Transport,Aviation (domestic),Aviation (domestic),0,Liverpool,Western Parkland City,Six Cities,14900
2017,1,Transport,Aviation (domestic),Aviation (domestic),0,Liverpool Plains,New England North West,Regional,14920
2017,1,Transport,Aviation (domestic),Aviation (domestic),0,Lockhart,Riverina Murray,Regional,14950
2017,1,Transport,Aviation (domestic),Aviation (domestic),0,Maitland,Lower Hunter and Greater Newcastle City,Six Cities,15050
2017,1,Transport,Aviation (domestic),Aviation (domestic),0,Mid-Coast,Upper Hunter,Regional,15240
2017,1,Transport,Aviation (domestic),Aviation (domestic),0,Mid-Western Regional,Central West and Orana,Regional,15270
2017,1,Transport,Aviation (domestic),Aviation (domestic),"2,747.10",Moree Plains,New England North West,Regional,15300
2017,1,Transport,Aviation (domestic),Aviation (domestic),0,Mosman,Eastern Harbour City,Six Cities,15350
2017,1,Transport,Aviation (domestic),Aviation (domestic),0,Murray River,Riverina Murray,Regional,15520
2017,1,Transport,Aviation (domestic),Aviation (domestic),0,Murrumbidgee,Riverina Murray,Regional,15560
2017,1,Transport,Aviation (domestic),Aviation (domestic),0,Muswellbrook,Upper Hunter,Regional,15650
2017,1,Transport,Aviation (domestic),Aviation (domestic),0,Nambucca,North Coast,Regional,15700
2017,1,Transport,Aviation (domestic),Aviation (domestic),0,Narrabri,New England North West,Regional,15750
2017,1,Transport,Aviation (domestic),Aviation (domestic),977,Narrandera,Riverina Murray,Regional,15800
2017,1,Transport,Aviation (domestic),Aviation (domestic),0,Narromine,Central West and Orana,Regional,15850
2017,1,Transport,Aviation (domestic),Aviation (domestic),0,Newcastle,Lower Hunter and Greater Newcastle City,Six Cities,15900
2017,1,Transport,Aviation (domestic),Aviation (domestic),0,North Sydney,Eastern Harbour City,Six Cities,15950
2017,1,Transport,Aviation (domestic),Aviation (domestic),0,Northern Beaches,Eastern Harbour City,Six Cities,15990
2017,1,Transport,Aviation (domestic),Aviation (domestic),0,Oberon,Central West and Orana,Regional,16100
2017,1,Transport,Aviation (domestic),Aviation (domestic),"4,409.60",Orange,Central West and Orana,Regional,16150
2017,1,Transport,Aviation (domestic),Aviation (domestic),"2,230.50",Parkes,Central West and Orana,Regional,16200
2017,1,Transport,Aviation (domestic),Aviation (domestic),0,Parramatta,Central River City,Six Cities,16260
2017,1,Transport,Aviation (domestic),Aviation (domestic),0,Penrith,Western Parkland City,Six Cities,16350
2017,1,Transport,Aviation (domestic),Aviation (domestic),"17,806.90",Port Macquarie-Hastings,North Coast,Regional,16380
2017,1,Transport,Aviation (domestic),Aviation (domestic),"98,088.70",Port Stephens,Lower Hunter and Greater Newcastle City,Six Cities,16400
2017,1,Transport,Aviation (domestic),Aviation (domestic),0,Queanbeyan-Palerang Regional,South East and Tablelands,Regional,16490
2017,1,Transport,Aviation (domestic),Aviation (domestic),0,Randwick,Eastern Harbour City,Six Cities,16550
2017,1,Transport,Aviation (domestic),Aviation (domestic),0,Richmond Valley,North Coast,Regional,16610
2017,1,Transport,Aviation (domestic),Aviation (domestic),0,Ryde,Eastern Harbour City,Six Cities,16700
2017,1,Transport,Aviation (domestic),Aviation (domestic),0,Shellharbour,Illawarra-Shoalhaven City,Six Cities,16900
2017,1,Transport,Aviation (domestic),Aviation (domestic),0,Shoalhaven,Illawarra-Shoalhaven City,Six Cities,16950
2017,1,Transport,Aviation (domestic),Aviation (domestic),0,Singleton,Upper Hunter,Regional,17000
2017,1,Transport,Aviation (domestic),Aviation (domestic),0,Snowy Monaro Regional,South East and Tablelands,Regional,17040
2017,1,Transport,Aviation (domestic),Aviation (domestic),0,Snowy Valleys,Riverina Murray,Regional,17080
2017,1,Transport,Aviation (domestic),Aviation (domestic),0,Strathfield,Eastern Harbour City,Six Cities,17100
2017,1,Transport,Aviation (domestic),Aviation (domestic),0,Sutherland Shire,Central River City,Six Cities,17150
2017,1,Transport,Aviation (domestic),Aviation (domestic),0,Sydney,Eastern Harbour City,Six Cities,17200
2017,1,Transport,Aviation (domestic),Aviation (domestic),"14,890.70",Tamworth Regional,New England North West,Regional,17310
2017,1,Transport,Aviation (domestic),Aviation (domestic),0,Temora,Riverina Murray,Regional,17350
2017,1,Transport,Aviation (domestic),Aviation (domestic),0,Tenterfield,New England North West,Regional,17400
2017,1,Transport,Aviation (domestic),Aviation (domestic),0,The Hills Shire,Central River City,Six Cities,17420
2017,1,Transport,Aviation (domestic),Aviation (domestic),0,Tweed,North Coast,Regional,17550
2017,1,Transport,Aviation (domestic),Aviation (domestic),"2,755.60",Unincorporated NSW,Far West,Regional,19399
2017,1,Transport,Aviation (domestic),Aviation (domestic),0,Upper Hunter Shire,Upper Hunter,Regional,17620
2017,1,Transport,Aviation (domestic),Aviation (domestic),0,Upper Lachlan Shire,South East and Tablelands,Regional,17640
2017,1,Transport,Aviation (domestic),Aviation (domestic),0,Uralla,New England North West,Regional,17650
2017,1,Transport,Aviation (domestic),Aviation (domestic),"17,114.30",Wagga Wagga,Riverina Murray,Regional,17750
2017,1,Transport,Aviation (domestic),Aviation (domestic),0,Walcha,New England North West,Regional,17850
2017,1,Transport,Aviation (domestic),Aviation (domestic),0,Walgett,Far West,Regional,17900
2017,1,Transport,Aviation (domestic),Aviation (domestic),0,Warren,Central West and Orana,Regional,17950
2017,1,Transport,Aviation (domestic),Aviation (domestic),0,Warrumbungle Shire,Central West and Orana,Regional,18020
2017,1,Transport,Aviation (domestic),Aviation (domestic),0,Waverley,Eastern Harbour City,Six Cities,18050
2017,1,Transport,Aviation (domestic),Aviation (domestic),0,Weddin,Central West and Orana,Regional,18100
2017,1,Transport,Aviation (domestic),Aviation (domestic),0,Wentworth,Far West,Regional,18200
2017,1,Transport,Aviation (domestic),Aviation (domestic),0,Willoughby,Eastern Harbour City,Six Cities,18250
2017,1,Transport,Aviation (domestic),Aviation (domestic),0,Wingecarribee,South East and Tablelands,Regional,18350
2017,1,Transport,Aviation (domestic),Aviation (domestic),0,Wollondilly,Western Parkland City,Six Cities,18400
2017,1,Transport,Aviation (domestic),Aviation (domestic),0,Wollongong,Illawarra-Shoalhaven City,Six Cities,18450
2017,1,Transport,Aviation (domestic),Aviation (domestic),0,Woollahra,Eastern Harbour City,Six Cities,18500
2017,1,Transport,Aviation (domestic),Aviation (domestic),0,Yass Valley,South East and Tablelands,Regional,18710
2018,1,Transport,Aviation (domestic),Aviation (domestic),"19,443.50",Albury,Riverina Murray,Regional,10050
2018,1,Transport,Aviation (domestic),Aviation (domestic),"9,549.30",Armidale Regional,New England North West,Regional,10130
2018,1,Transport,Aviation (domestic),Aviation (domestic),"38,609.00",Ballina,North Coast,Regional,10250
2018,1,Transport,Aviation (domestic),Aviation (domestic),0,Balranald,Far West,Regional,10300
2018,1,Transport,Aviation (domestic),Aviation (domestic),"1,507.00",Bathurst Regional,Central West and Orana,Regional,10470
2018,1,Transport,Aviation (domestic),Aviation (domestic),"2,015,645.30",Bayside,Eastern Harbour City,Six Cities,10500
2018,1,Transport,Aviation (domestic),Aviation (domestic),"4,355.60",Bega Valley,South East and Tablelands,Regional,10550
2018,1,Transport,Aviation (domestic),Aviation (domestic),0,Bellingen,North Coast,Regional,10600
2018,1,Transport,Aviation (domestic),Aviation (domestic),0,Berrigan,Riverina Murray,Regional,10650
2018,1,Transport,Aviation (domestic),Aviation (domestic),0,Blacktown,Central River City,Six Cities,10750
2018,1,Transport,Aviation (domestic),Aviation (domestic),0,Bland,Riverina Murray,Regional,10800
2018,1,Transport,Aviation (domestic),Aviation (domestic),0,Blayney,Central West and Orana,Regional,10850
2018,1,Transport,Aviation (domestic),Aviation (domestic),0,Blue Mountains,Western Parkland City,Six Cities,10900
2018,1,Transport,Aviation (domestic),Aviation (domestic),0,Bogan,Central West and Orana,Regional,10950
2018,1,Transport,Aviation (domestic),Aviation (domestic),0,Bourke,Far West,Regional,11150
2018,1,Transport,Aviation (domestic),Aviation (domestic),0,Brewarrina,Far West,Regional,11200
2018,1,Transport,Aviation (domestic),Aviation (domestic),"4,894.20",Broken Hill,Far West,Regional,11250
2018,1,Transport,Aviation (domestic),Aviation (domestic),0,Burwood,Eastern Harbour City,Six Cities,11300
2018,1,Transport,Aviation (domestic),Aviation (domestic),0,Byron,North Coast,Regional,11350
2018,1,Transport,Aviation (domestic),Aviation (domestic),0,Cabonne,Central West and Orana,Regional,11400
2018,1,Transport,Aviation (domestic),Aviation (domestic),0,Camden,Western Parkland City,Six Cities,11450
2018,1,Transport,Aviation (domestic),Aviation (domestic),0,Campbelltown,Western Parkland City,Six Cities,11500
2018,1,Transport,Aviation (domestic),Aviation (domestic),0,Canada Bay,Eastern Harbour City,Six Cities,11520
2018,1,Transport,Aviation (domestic),Aviation (domestic),0,Canterbury-Bankstown,Central River City,Six Cities,11570
2018,1,Transport,Aviation (domestic),Aviation (domestic),0,Carrathool,Riverina Murray,Regional,11600
2018,1,Transport,Aviation (domestic),Aviation (domestic),0,Central Coast,Central Coast City,Six Cities,11650
2018,1,Transport,Aviation (domestic),Aviation (domestic),0,Central Darling,Far West,Regional,11700
2018,1,Transport,Aviation (domestic),Aviation (domestic),0,Cessnock,Lower Hunter and Greater Newcastle City,Six Cities,11720
2018,1,Transport,Aviation (domestic),Aviation (domestic),0,Clarence Valley,North Coast,Regional,11730
2018,1,Transport,Aviation (domestic),Aviation (domestic),0,Cobar,Far West,Regional,11750
2018,1,Transport,Aviation (domestic),Aviation (domestic),"30,255.70",Coffs Harbour,North Coast,Regional,11800
2018,1,Transport,Aviation (domestic),Aviation (domestic),0,Coolamon,Riverina Murray,Regional,12000
2018,1,Transport,Aviation (domestic),Aviation (domestic),0,Coonamble,Central West and Orana,Regional,12150
2018,1,Transport,Aviation (domestic),Aviation (domestic),0,Cootamundra-Gundagai Regional,Riverina Murray,Regional,12160
2018,1,Transport,Aviation (domestic),Aviation (domestic),0,Cowra,Central West and Orana,Regional,12350
2018,1,Transport,Aviation (domestic),Aviation (domestic),0,Cumberland,Central River City,Six Cities,12380
2018,1,Transport,Aviation (domestic),Aviation (domestic),"15,866.30",Dubbo Regional,Central West and Orana,Regional,12390
2018,1,Transport,Aviation (domestic),Aviation (domestic),0,Dungog,Upper Hunter,Regional,12700
2018,1,Transport,Aviation (domestic),Aviation (domestic),0,Edward River,Riverina Murray,Regional,12730
2018,1,Transport,Aviation (domestic),Aviation (domestic),"1,613.70",Eurobodalla,South East and Tablelands,Regional,12750
2018,1,Transport,Aviation (domestic),Aviation (domestic),0,Fairfield,Western Parkland City,Six Cities,12850
2018,1,Transport,Aviation (domestic),Aviation (domestic),0,Federation,Riverina Murray,Regional,12870
2018,1,Transport,Aviation (domestic),Aviation (domestic),0,Forbes,Central West and Orana,Regional,12900
2018,1,Transport,Aviation (domestic),Aviation (domestic),0,Georges River,Central River City,Six Cities,12930
2018,1,Transport,Aviation (domestic),Aviation (domestic),0,Gilgandra,Central West and Orana,Regional,12950
2018,1,Transport,Aviation (domestic),Aviation (domestic),0,Glen Innes Severn,New England North West,Regional,13010
2018,1,Transport,Aviation (domestic),Aviation (domestic),0,Goulburn Mulwaree,South East and Tablelands,Regional,13310
2018,1,Transport,Aviation (domestic),Aviation (domestic),0,Greater Hume Shire,Riverina Murray,Regional,13340
2018,1,Transport,Aviation (domestic),Aviation (domestic),"5,035.00",Griffith,Riverina Murray,Regional,13450
2018,1,Transport,Aviation (domestic),Aviation (domestic),0,Gunnedah,New England North West,Regional,13550
2018,1,Transport,Aviation (domestic),Aviation (domestic),0,Gwydir,New England North West,Regional,13660
2018,1,Transport,Aviation (domestic),Aviation (domestic),0,Hawkesbury,Western Parkland City,Six Cities,13800
2018,1,Transport,Aviation (domestic),Aviation (domestic),0,Hay,Riverina Murray,Regional,13850
2018,1,Transport,Aviation (domestic),Aviation (domestic),0,Hilltops,South East and Tablelands,Regional,13910
2018,1,Transport,Aviation (domestic),Aviation (domestic),0,Hornsby,Eastern Harbour City,Six Cities,14000
2018,1,Transport,Aviation (domestic),Aviation (domestic),0,Hunters Hill,Eastern Harbour City,Six Cities,14100
2018,1,Transport,Aviation (domestic),Aviation (domestic),0,Inner West,Eastern Harbour City,Six Cities,14170
2018,1,Transport,Aviation (domestic),Aviation (domestic),0,Inverell,New England North West,Regional,14200
2018,1,Transport,Aviation (domestic),Aviation (domestic),0,Junee,Riverina Murray,Regional,14300
2018,1,Transport,Aviation (domestic),Aviation (domestic),0,Kempsey,North Coast,Regional,14350
2018,1,Transport,Aviation (domestic),Aviation (domestic),0,Kiama,Illawarra-Shoalhaven City,Six Cities,14400
2018,1,Transport,Aviation (domestic),Aviation (domestic),0,Ku-Ring-Gai,Eastern Harbour City,Six Cities,14500
2018,1,Transport,Aviation (domestic),Aviation (domestic),0,Kyogle,North Coast,Regional,14550
2018,1,Transport,Aviation (domestic),Aviation (domestic),0,Lachlan,Central West and Orana,Regional,14600
2018,1,Transport,Aviation (domestic),Aviation (domestic),0,Lake Macquarie,Lower Hunter and Greater Newcastle City,Six Cities,14650
2018,1,Transport,Aviation (domestic),Aviation (domestic),0,Lane Cove,Eastern Harbour City,Six Cities,14700
2018,1,Transport,Aviation (domestic),Aviation (domestic),0,Leeton,Riverina Murray,Regional,14750
2018,1,Transport,Aviation (domestic),Aviation (domestic),"1,009.90",Lismore,North Coast,Regional,14850
2018,1,Transport,Aviation (domestic),Aviation (domestic),0,Lithgow,Central West and Orana,Regional,14870
2018,1,Transport,Aviation (domestic),Aviation (domestic),0,Liverpool,Western Parkland City,Six Cities,14900
2018,1,Transport,Aviation (domestic),Aviation (domestic),0,Liverpool Plains,New England North West,Regional,14920
2018,1,Transport,Aviation (domestic),Aviation (domestic),0,Lockhart,Riverina Murray,Regional,14950
2018,1,Transport,Aviation (domestic),Aviation (domestic),0,Maitland,Lower Hunter and Greater Newcastle City,Six Cities,15050
2018,1,Transport,Aviation (domestic),Aviation (domestic),0,Mid-Coast,Upper Hunter,Regional,15240
2018,1,Transport,Aviation (domestic),Aviation (domestic),0,Mid-Western Regional,Central West and Orana,Regional,15270
2018,1,Transport,Aviation (domestic),Aviation (domestic),"2,705.90",Moree Plains,New England North West,Regional,15300
2018,1,Transport,Aviation (domestic),Aviation (domestic),0,Mosman,Eastern Harbour City,Six Cities,15350
2018,1,Transport,Aviation (domestic),Aviation (domestic),0,Murray River,Riverina Murray,Regional,15520
2018,1,Transport,Aviation (domestic),Aviation (domestic),0,Murrumbidgee,Riverina Murray,Regional,15560
2018,1,Transport,Aviation (domestic),Aviation (domestic),0,Muswellbrook,Upper Hunter,Regional,15650
2018,1,Transport,Aviation (domestic),Aviation (domestic),0,Nambucca,North Coast,Regional,15700
2018,1,Transport,Aviation (domestic),Aviation (domestic),0,Narrabri,New England North West,Regional,15750
2018,1,Transport,Aviation (domestic),Aviation (domestic),935.6,Narrandera,Riverina Murray,Regional,15800
2018,1,Transport,Aviation (domestic),Aviation (domestic),0,Narromine,Central West and Orana,Regional,15850
2018,1,Transport,Aviation (domestic),Aviation (domestic),0,Newcastle,Lower Hunter and Greater Newcastle City,Six Cities,15900
2018,1,Transport,Aviation (domestic),Aviation (domestic),0,North Sydney,Eastern Harbour City,Six Cities,15950
2018,1,Transport,Aviation (domestic),Aviation (domestic),0,Northern Beaches,Eastern Harbour City,Six Cities,15990
2018,1,Transport,Aviation (domestic),Aviation (domestic),0,Oberon,Central West and Orana,Regional,16100
2018,1,Transport,Aviation (domestic),Aviation (domestic),"5,148.30",Orange,Central West and Orana,Regional,16150
2018,1,Transport,Aviation (domestic),Aviation (domestic),"2,226.30",Parkes,Central West and Orana,Regional,16200
2018,1,Transport,Aviation (domestic),Aviation (domestic),0,Parramatta,Central River City,Six Cities,16260
2018,1,Transport,Aviation (domestic),Aviation (domestic),0,Penrith,Western Parkland City,Six Cities,16350
2018,1,Transport,Aviation (domestic),Aviation (domestic),"16,320.50",Port Macquarie-Hastings,North Coast,Regional,16380
2018,1,Transport,Aviation (domestic),Aviation (domestic),"92,697.60",Port Stephens,Lower Hunter and Greater Newcastle City,Six Cities,16400
2018,1,Transport,Aviation (domestic),Aviation (domestic),0,Queanbeyan-Palerang Regional,South East and Tablelands,Regional,16490
2018,1,Transport,Aviation (domestic),Aviation (domestic),0,Randwick,Eastern Harbour City,Six Cities,16550
2018,1,Transport,Aviation (domestic),Aviation (domestic),0,Richmond Valley,North Coast,Regional,16610
2018,1,Transport,Aviation (domestic),Aviation (domestic),0,Ryde,Eastern Harbour City,Six Cities,16700
2018,1,Transport,Aviation (domestic),Aviation (domestic),"1,465.20",Shellharbour,Illawarra-Shoalhaven City,Six Cities,16900
2018,1,Transport,Aviation (domestic),Aviation (domestic),0,Shoalhaven,Illawarra-Shoalhaven City,Six Cities,16950
2018,1,Transport,Aviation (domestic),Aviation (domestic),0,Singleton,Upper Hunter,Regional,17000
2018,1,Transport,Aviation (domestic),Aviation (domestic),0,Snowy Monaro Regional,South East and Tablelands,Regional,17040
2018,1,Transport,Aviation (domestic),Aviation (domestic),0,Snowy Valleys,Riverina Murray,Regional,17080
2018,1,Transport,Aviation (domestic),Aviation (domestic),0,Strathfield,Eastern Harbour City,Six Cities,17100
2018,1,Transport,Aviation (domestic),Aviation (domestic),0,Sutherland Shire,Central River City,Six Cities,17150
2018,1,Transport,Aviation (domestic),Aviation (domestic),0,Sydney,Eastern Harbour City,Six Cities,17200
2018,1,Transport,Aviation (domestic),Aviation (domestic),"14,014.20",Tamworth Regional,New England North West,Regional,17310
2018,1,Transport,Aviation (domestic),Aviation (domestic),0,Temora,Riverina Murray,Regional,17350
2018,1,Transport,Aviation (domestic),Aviation (domestic),0,Tenterfield,New England North West,Regional,17400
2018,1,Transport,Aviation (domestic),Aviation (domestic),0,The Hills Shire,Central River City,Six Cities,17420
2018,1,Transport,Aviation (domestic),Aviation (domestic),0,Tweed,North Coast,Regional,17550
2018,1,Transport,Aviation (domestic),Aviation (domestic),"2,514.90",Unincorporated NSW,Far West,Regional,19399
2018,1,Transport,Aviation (domestic),Aviation (domestic),0,Upper Hunter Shire,Upper Hunter,Regional,17620
2018,1,Transport,Aviation (domestic),Aviation (domestic),0,Upper Lachlan Shire,South East and Tablelands,Regional,17640
2018,1,Transport,Aviation (domestic),Aviation (domestic),0,Uralla,New England North West,Regional,17650
2018,1,Transport,Aviation (domestic),Aviation (domestic),"16,455.30",Wagga Wagga,Riverina Murray,Regional,17750
2018,1,Transport,Aviation (domestic),Aviation (domestic),0,Walcha,New England North West,Regional,17850
2018,1,Transport,Aviation (domestic),Aviation (domestic),0,Walgett,Far West,Regional,17900
2018,1,Transport,Aviation (domestic),Aviation (domestic),0,Warren,Central West and Orana,Regional,17950
2018,1,Transport,Aviation (domestic),Aviation (domestic),0,Warrumbungle Shire,Central West and Orana,Regional,18020
2018,1,Transport,Aviation (domestic),Aviation (domestic),0,Waverley,Eastern Harbour City,Six Cities,18050
2018,1,Transport,Aviation (domestic),Aviation (domestic),0,Weddin,Central West and Orana,Regional,18100
2018,1,Transport,Aviation (domestic),Aviation (domestic),0,Wentworth,Far West,Regional,18200
2018,1,Transport,Aviation (domestic),Aviation (domestic),0,Willoughby,Eastern Harbour City,Six Cities,18250
2018,1,Transport,Aviation (domestic),Aviation (domestic),0,Wingecarribee,South East and Tablelands,Regional,18350
2018,1,Transport,Aviation (domestic),Aviation (domestic),0,Wollondilly,Western Parkland City,Six Cities,18400
2018,1,Transport,Aviation (domestic),Aviation (domestic),0,Wollongong,Illawarra-Shoalhaven City,Six Cities,18450
2018,1,Transport,Aviation (domestic),Aviation (domestic),0,Woollahra,Eastern Harbour City,Six Cities,18500
2018,1,Transport,Aviation (domestic),Aviation (domestic),0,Yass Valley,South East and Tablelands,Regional,18710
2019,1,Transport,Aviation (domestic),Aviation (domestic),"14,307.60",Albury,Riverina Murray,Regional,10050
2019,1,Transport,Aviation (domestic),Aviation (domestic),"7,345.10",Armidale Regional,New England North West,Regional,10130
2019,1,Transport,Aviation (domestic),Aviation (domestic),"30,338.70",Ballina,North Coast,Regional,10250
2019,1,Transport,Aviation (domestic),Aviation (domestic),0,Balranald,Far West,Regional,10300
2019,1,Transport,Aviation (domestic),Aviation (domestic),"1,138.40",Bathurst Regional,Central West and Orana,Regional,10470
2019,1,Transport,Aviation (domestic),Aviation (domestic),"1,559,747.50",Bayside,Eastern Harbour City,Six Cities,10500
2019,1,Transport,Aviation (domestic),Aviation (domestic),"3,475.20",Bega Valley,South East and Tablelands,Regional,10550
2019,1,Transport,Aviation (domestic),Aviation (domestic),0,Bellingen,North Coast,Regional,10600
2019,1,Transport,Aviation (domestic),Aviation (domestic),0,Berrigan,Riverina Murray,Regional,10650
2019,1,Transport,Aviation (domestic),Aviation (domestic),0,Blacktown,Central River City,Six Cities,10750
2019,1,Transport,Aviation (domestic),Aviation (domestic),0,Bland,Riverina Murray,Regional,10800
2019,1,Transport,Aviation (domestic),Aviation (domestic),0,Blayney,Central West and Orana,Regional,10850
2019,1,Transport,Aviation (domestic),Aviation (domestic),0,Blue Mountains,Western Parkland City,Six Cities,10900
2019,1,Transport,Aviation (domestic),Aviation (domestic),0,Bogan,Central West and Orana,Regional,10950
2019,1,Transport,Aviation (domestic),Aviation (domestic),0,Bourke,Far West,Regional,11150
2019,1,Transport,Aviation (domestic),Aviation (domestic),0,Brewarrina,Far West,Regional,11200
2019,1,Transport,Aviation (domestic),Aviation (domestic),"3,861.10",Broken Hill,Far West,Regional,11250
2019,1,Transport,Aviation (domestic),Aviation (domestic),0,Burwood,Eastern Harbour City,Six Cities,11300
2019,1,Transport,Aviation (domestic),Aviation (domestic),0,Byron,North Coast,Regional,11350
2019,1,Transport,Aviation (domestic),Aviation (domestic),0,Cabonne,Central West and Orana,Regional,11400
2019,1,Transport,Aviation (domestic),Aviation (domestic),0,Camden,Western Parkland City,Six Cities,11450
2019,1,Transport,Aviation (domestic),Aviation (domestic),0,Campbelltown,Western Parkland City,Six Cities,11500
2019,1,Transport,Aviation (domestic),Aviation (domestic),0,Canada Bay,Eastern Harbour City,Six Cities,11520
2019,1,Transport,Aviation (domestic),Aviation (domestic),0,Canterbury-Bankstown,Central River City,Six Cities,11570
2019,1,Transport,Aviation (domestic),Aviation (domestic),0,Carrathool,Riverina Murray,Regional,11600
2019,1,Transport,Aviation (domestic),Aviation (domestic),0,Central Coast,Central Coast City,Six Cities,11650
2019,1,Transport,Aviation (domestic),Aviation (domestic),0,Central Darling,Far West,Regional,11700
2019,1,Transport,Aviation (domestic),Aviation (domestic),0,Cessnock,Lower Hunter and Greater Newcastle City,Six Cities,11720
2019,1,Transport,Aviation (domestic),Aviation (domestic),0,Clarence Valley,North Coast,Regional,11730
2019,1,Transport,Aviation (domestic),Aviation (domestic),0,Cobar,Far West,Regional,11750
2019,1,Transport,Aviation (domestic),Aviation (domestic),"22,504.10",Coffs Harbour,North Coast,Regional,11800
2019,1,Transport,Aviation (domestic),Aviation (domestic),0,Coolamon,Riverina Murray,Regional,12000
2019,1,Transport,Aviation (domestic),Aviation (domestic),0,Coonamble,Central West and Orana,Regional,12150
2019,1,Transport,Aviation (domestic),Aviation (domestic),0,Cootamundra-Gundagai Regional,Riverina Murray,Regional,12160
2019,1,Transport,Aviation (domestic),Aviation (domestic),0,Cowra,Central West and Orana,Regional,12350
2019,1,Transport,Aviation (domestic),Aviation (domestic),0,Cumberland,Central River City,Six Cities,12380
2019,1,Transport,Aviation (domestic),Aviation (domestic),"11,325.00",Dubbo Regional,Central West and Orana,Regional,12390
2019,1,Transport,Aviation (domestic),Aviation (domestic),0,Dungog,Upper Hunter,Regional,12700
2019,1,Transport,Aviation (domestic),Aviation (domestic),0,Edward River,Riverina Murray,Regional,12730
2019,1,Transport,Aviation (domestic),Aviation (domestic),"1,239.30",Eurobodalla,South East and Tablelands,Regional,12750
2019,1,Transport,Aviation (domestic),Aviation (domestic),0,Fairfield,Western Parkland City,Six Cities,12850
2019,1,Transport,Aviation (domestic),Aviation (domestic),0,Federation,Riverina Murray,Regional,12870
2019,1,Transport,Aviation (domestic),Aviation (domestic),0,Forbes,Central West and Orana,Regional,12900
2019,1,Transport,Aviation (domestic),Aviation (domestic),0,Georges River,Central River City,Six Cities,12930
2019,1,Transport,Aviation (domestic),Aviation (domestic),0,Gilgandra,Central West and Orana,Regional,12950
2019,1,Transport,Aviation (domestic),Aviation (domestic),0,Glen Innes Severn,New England North West,Regional,13010
2019,1,Transport,Aviation (domestic),Aviation (domestic),0,Goulburn Mulwaree,South East and Tablelands,Regional,13310
2019,1,Transport,Aviation (domestic),Aviation (domestic),0,Greater Hume Shire,Riverina Murray,Regional,13340
2019,1,Transport,Aviation (domestic),Aviation (domestic),"4,122.40",Griffith,Riverina Murray,Regional,13450
2019,1,Transport,Aviation (domestic),Aviation (domestic),0,Gunnedah,New England North West,Regional,13550
2019,1,Transport,Aviation (domestic),Aviation (domestic),0,Gwydir,New England North West,Regional,13660
2019,1,Transport,Aviation (domestic),Aviation (domestic),0,Hawkesbury,Western Parkland City,Six Cities,13800
2019,1,Transport,Aviation (domestic),Aviation (domestic),0,Hay,Riverina Murray,Regional,13850
2019,1,Transport,Aviation (domestic),Aviation (domestic),0,Hilltops,South East and Tablelands,Regional,13910
2019,1,Transport,Aviation (domestic),Aviation (domestic),0,Hornsby,Eastern Harbour City,Six Cities,14000
2019,1,Transport,Aviation (domestic),Aviation (domestic),0,Hunters Hill,Eastern Harbour City,Six Cities,14100
2019,1,Transport,Aviation (domestic),Aviation (domestic),0,Inner West,Eastern Harbour City,Six Cities,14170
2019,1,Transport,Aviation (domestic),Aviation (domestic),0,Inverell,New England North West,Regional,14200
2019,1,Transport,Aviation (domestic),Aviation (domestic),0,Junee,Riverina Murray,Regional,14300
2019,1,Transport,Aviation (domestic),Aviation (domestic),0,Kempsey,North Coast,Regional,14350
2019,1,Transport,Aviation (domestic),Aviation (domestic),0,Kiama,Illawarra-Shoalhaven City,Six Cities,14400
2019,1,Transport,Aviation (domestic),Aviation (domestic),0,Ku-Ring-Gai,Eastern Harbour City,Six Cities,14500
2019,1,Transport,Aviation (domestic),Aviation (domestic),0,Kyogle,North Coast,Regional,14550
2019,1,Transport,Aviation (domestic),Aviation (domestic),0,Lachlan,Central West and Orana,Regional,14600
2019,1,Transport,Aviation (domestic),Aviation (domestic),0,Lake Macquarie,Lower Hunter and Greater Newcastle City,Six Cities,14650
2019,1,Transport,Aviation (domestic),Aviation (domestic),0,Lane Cove,Eastern Harbour City,Six Cities,14700
2019,1,Transport,Aviation (domestic),Aviation (domestic),0,Leeton,Riverina Murray,Regional,14750
2019,1,Transport,Aviation (domestic),Aviation (domestic),668,Lismore,North Coast,Regional,14850
2019,1,Transport,Aviation (domestic),Aviation (domestic),0,Lithgow,Central West and Orana,Regional,14870
2019,1,Transport,Aviation (domestic),Aviation (domestic),0,Liverpool,Western Parkland City,Six Cities,14900
2019,1,Transport,Aviation (domestic),Aviation (domestic),0,Liverpool Plains,New England North West,Regional,14920
2019,1,Transport,Aviation (domestic),Aviation (domestic),0,Lockhart,Riverina Murray,Regional,14950
2019,1,Transport,Aviation (domestic),Aviation (domestic),0,Maitland,Lower Hunter and Greater Newcastle City,Six Cities,15050
2019,1,Transport,Aviation (domestic),Aviation (domestic),0,Mid-Coast,Upper Hunter,Regional,15240
2019,1,Transport,Aviation (domestic),Aviation (domestic),0,Mid-Western Regional,Central West and Orana,Regional,15270
2019,1,Transport,Aviation (domestic),Aviation (domestic),"1,872.10",Moree Plains,New England North West,Regional,15300
2019,1,Transport,Aviation (domestic),Aviation (domestic),0,Mosman,Eastern Harbour City,Six Cities,15350
2019,1,Transport,Aviation (domestic),Aviation (domestic),0,Murray River,Riverina Murray,Regional,15520
2019,1,Transport,Aviation (domestic),Aviation (domestic),0,Murrumbidgee,Riverina Murray,Regional,15560
2019,1,Transport,Aviation (domestic),Aviation (domestic),0,Muswellbrook,Upper Hunter,Regional,15650
2019,1,Transport,Aviation (domestic),Aviation (domestic),0,Nambucca,North Coast,Regional,15700
2019,1,Transport,Aviation (domestic),Aviation (domestic),0,Narrabri,New England North West,Regional,15750
2019,1,Transport,Aviation (domestic),Aviation (domestic),764,Narrandera,Riverina Murray,Regional,15800
2019,1,Transport,Aviation (domestic),Aviation (domestic),0,Narromine,Central West and Orana,Regional,15850
2019,1,Transport,Aviation (domestic),Aviation (domestic),0,Newcastle,Lower Hunter and Greater Newcastle City,Six Cities,15900
2019,1,Transport,Aviation (domestic),Aviation (domestic),0,North Sydney,Eastern Harbour City,Six Cities,15950
2019,1,Transport,Aviation (domestic),Aviation (domestic),0,Northern Beaches,Eastern Harbour City,Six Cities,15990
2019,1,Transport,Aviation (domestic),Aviation (domestic),0,Oberon,Central West and Orana,Regional,16100
2019,1,Transport,Aviation (domestic),Aviation (domestic),"4,478.70",Orange,Central West and Orana,Regional,16150
2019,1,Transport,Aviation (domestic),Aviation (domestic),"2,036.50",Parkes,Central West and Orana,Regional,16200
2019,1,Transport,Aviation (domestic),Aviation (domestic),0,Parramatta,Central River City,Six Cities,16260
2019,1,Transport,Aviation (domestic),Aviation (domestic),0,Penrith,Western Parkland City,Six Cities,16350
2019,1,Transport,Aviation (domestic),Aviation (domestic),"12,211.00",Port Macquarie-Hastings,North Coast,Regional,16380
2019,1,Transport,Aviation (domestic),Aviation (domestic),"71,530.20",Port Stephens,Lower Hunter and Greater Newcastle City,Six Cities,16400
2019,1,Transport,Aviation (domestic),Aviation (domestic),0,Queanbeyan-Palerang Regional,South East and Tablelands,Regional,16490
2019,1,Transport,Aviation (domestic),Aviation (domestic),0,Randwick,Eastern Harbour City,Six Cities,16550
2019,1,Transport,Aviation (domestic),Aviation (domestic),0,Richmond Valley,North Coast,Regional,16610
2019,1,Transport,Aviation (domestic),Aviation (domestic),0,Ryde,Eastern Harbour City,Six Cities,16700
2019,1,Transport,Aviation (domestic),Aviation (domestic),658.1,Shellharbour,Illawarra-Shoalhaven City,Six Cities,16900
2019,1,Transport,Aviation (domestic),Aviation (domestic),0,Shoalhaven,Illawarra-Shoalhaven City,Six Cities,16950
2019,1,Transport,Aviation (domestic),Aviation (domestic),0,Singleton,Upper Hunter,Regional,17000
2019,1,Transport,Aviation (domestic),Aviation (domestic),0,Snowy Monaro Regional,South East and Tablelands,Regional,17040
2019,1,Transport,Aviation (domestic),Aviation (domestic),0,Snowy Valleys,Riverina Murray,Regional,17080
2019,1,Transport,Aviation (domestic),Aviation (domestic),0,Strathfield,Eastern Harbour City,Six Cities,17100
2019,1,Transport,Aviation (domestic),Aviation (domestic),0,Sutherland Shire,Central River City,Six Cities,17150
2019,1,Transport,Aviation (domestic),Aviation (domestic),0,Sydney,Eastern Harbour City,Six Cities,17200
2019,1,Transport,Aviation (domestic),Aviation (domestic),"10,625.50",Tamworth Regional,New England North West,Regional,17310
2019,1,Transport,Aviation (domestic),Aviation (domestic),0,Temora,Riverina Murray,Regional,17350
2019,1,Transport,Aviation (domestic),Aviation (domestic),0,Tenterfield,New England North West,Regional,17400
2019,1,Transport,Aviation (domestic),Aviation (domestic),0,The Hills Shire,Central River City,Six Cities,17420
2019,1,Transport,Aviation (domestic),Aviation (domestic),0,Tweed,North Coast,Regional,17550
2019,1,Transport,Aviation (domestic),Aviation (domestic),"1,959.10",Unincorporated NSW,Far West,Regional,19399
2019,1,Transport,Aviation (domestic),Aviation (domestic),0,Upper Hunter Shire,Upper Hunter,Regional,17620
2019,1,Transport,Aviation (domestic),Aviation (domestic),0,Upper Lachlan Shire,South East and Tablelands,Regional,17640
2019,1,Transport,Aviation (domestic),Aviation (domestic),0,Uralla,New England North West,Regional,17650
2019,1,Transport,Aviation (domestic),Aviation (domestic),"11,796.00",Wagga Wagga,Riverina Murray,Regional,17750
2019,1,Transport,Aviation (domestic),Aviation (domestic),0,Walcha,New England North West,Regional,17850
2019,1,Transport,Aviation (domestic),Aviation (domestic),0,Walgett,Far West,Regional,17900
2019,1,Transport,Aviation (domestic),Aviation (domestic),0,Warren,Central West and Orana,Regional,17950
2019,1,Transport,Aviation (domestic),Aviation (domestic),0,Warrumbungle Shire,Central West and Orana,Regional,18020
2019,1,Transport,Aviation (domestic),Aviation (domestic),0,Waverley,Eastern Harbour City,Six Cities,18050
2019,1,Transport,Aviation (domestic),Aviation (domestic),0,Weddin,Central West and Orana,Regional,18100
2019,1,Transport,Aviation (domestic),Aviation (domestic),0,Wentworth,Far West,Regional,18200
2019,1,Transport,Aviation (domestic),Aviation (domestic),0,Willoughby,Eastern Harbour City,Six Cities,18250
2019,1,Transport,Aviation (domestic),Aviation (domestic),0,Wingecarribee,South East and Tablelands,Regional,18350
2019,1,Transport,Aviation (domestic),Aviation (domestic),0,Wollondilly,Western Parkland City,Six Cities,18400
2019,1,Transport,Aviation (domestic),Aviation (domestic),0,Wollongong,Illawarra-Shoalhaven City,Six Cities,18450
2019,1,Transport,Aviation (domestic),Aviation (domestic),0,Woollahra,Eastern Harbour City,Six Cities,18500
2019,1,Transport,Aviation (domestic),Aviation (domestic),0,Yass Valley,South East and Tablelands,Regional,18710